Pfam_domain	Snp_count	Domain_length	locfdr
P53	1769	1770	0.000000000
Ras	1134	11453	0.000002899
Pkinase	848	65172	1.000000000
I-set	657	21670	0.343350700
Cadherin	612	23035	0.486495400
zf-H2C2_2	577	10536	0.021766960
fn3	484	15387	0.310411800
7tm_1	465	50731	1.000000000
Pkinase_Tyr	412	22471	0.959312800
Ank_2	392	11470	0.239243200
Ion_trans	392	23442	1.000000000
7tm_4	295	26594	1.000000000
WD40	258	3908	0.003708077
Spectrin	249	8781	0.413442300
Collagen	229	7255	0.307313700
Ig_2	197	8378	0.635851400
Iso_dh	183	1097	0.000000000
CUB	166	7124	0.647348300
PDZ	155	5226	0.366637400
PH	155	8239	0.926261100
Laminin_G_2	150	6117	0.582003900
Sushi	150	3854	0.148333600
Myosin_head	149	21444	1.000000000
EGF_CA	145	3078	0.058972810
C2	144	5452	0.493442500
V-set	141	7959	1.000000000
Trypsin	140	15053	1.000000000
LRR_8	129	4525	0.407940700
Hormone_recep	128	7801	1.000000000
p450	126	21123	1.000000000
VWA	126	8982	1.000000000
Furin-like	125	1130	0.000000132
ANF_receptor	119	10696	1.000000000
MFS_1	115	17813	1.000000000
RhoGEF	115	7044	1.000000000
Bromodomain	111	1885	0.012000080
RRM_1	110	4676	0.635289200
UCH	106	16257	1.000000000
BTB	98	5686	1.000000000
Filament	96	15767	1.000000000
PI3Ka	91	1359	0.003253104
Mito_carr	90	4697	0.902458500
TSP_1	89	2456	0.194271000
KRAB	88	1899	0.064056530
CH	87	3827	0.678362400
G-alpha	86	4194	0.813818300
MIP	85	1769	0.052904820
Y_phosphatase	84	6327	1.000000000
Myosin_tail_1	83	11098	1.000000000
AMP-binding	82	12760	1.000000000
Sema	82	9409	1.000000000
SH2	82	3027	0.463419800
Homeobox	81	2982	0.460186100
EF-hand_7	79	3395	0.649084600
EGF	79	1393	0.016479370
Nebulin	78	636	0.000000004
Kinesin	77	10040	1.000000000
MH2	77	960	0.000259978
Sugar_tr	77	10461	1.000000000
DEAD	76	6366	1.000000000
E1-E2_ATPase	75	6636	1.000000000
RhoGAP	75	4887	1.000000000
7tm_2	72	7809	1.000000000
ABC_membrane	72	8792	1.000000000
RabGAP-TBC	72	5423	1.000000000
PI3_PI4_kinase	68	3429	0.857279600
Lectin_C	67	4239	1.000000000
LIM	67	2214	0.345335300
SNF2_N	67	7285	1.000000000
Sulfotransfer_1	67	6113	1.000000000
COesterase	65	6534	1.000000000
Kelch_1	64	1995	0.292767600
SNF	64	8178	1.000000000
Helicase_C	63	2309	0.454843900
Reprolysin	62	4699	1.000000000
SPRY	62	4292	1.000000000
ABC2_membrane_3	61	6914	1.000000000
Neur_chan_LBD	61	5792	1.000000000
SET	60	3751	1.000000000
Laminin_EGF	59	2111	0.428315200
Serpin	59	8520	1.000000000
Actin	58	9816	1.000000000
Filamin	58	2500	0.652860400
Recep_L_domain	56	865	0.004739806
ABC_tran	55	4435	1.000000000
An_peroxidase	55	5708	1.000000000
Ets	55	1043	0.028805590
Dynein_heavy	54	10055	1.000000000
Integrin_alpha2	54	6717	1.000000000
zf-C2H2	54	893	0.009425173
Peptidase_C12	53	419	0.000000001
Sulfatase	50	5047	1.000000000
Neur_chan_memb	49	4674	1.000000000
Peptidase_M14	48	5583	1.000000000
SAM_1	48	1353	0.210720000
Cullin	47	4725	1.000000000
Laminin_N	47	2161	0.736377000
RCC1	47	725	0.004660439
SRCR	46	2360	0.880074800
Exo_endo_phos	45	5416	1.000000000
RasGEF	45	3078	1.000000000
Plexin_cytopl	44	5089	1.000000000
DHC_N2	43	4729	1.000000000
PDEase_I	43	3474	1.000000000
Plectin	43	479	0.000031069
7tm_3	42	3664	1.000000000
BAH	42	972	0.092690260
Hydrolase	42	5590	1.000000000
Med23	42	1313	0.295364500
Aldedh	41	5795	1.000000000
Glyco_transf_29	41	3344	1.000000000
HECT	41	5388	1.000000000
Lig_chan	41	3599	1.000000000
MH1	41	400	0.000001301
Pep_M12B_propep	41	2479	1.000000000
PID	41	2766	1.000000000
F5_F8_type_C	40	2048	0.877395900
HCO3_cotransp	40	4347	1.000000000
Ldl_recept_a	40	1231	0.281184000
MHC_I	40	1421	0.420995400
VWD	40	3293	1.000000000
AF-4	39	5107	1.000000000
C2-set_2	39	1567	0.562697700
DHC_N1	39	3738	1.000000000
HLH	39	1531	0.535705000
RasGAP	39	1088	0.202725800
Adaptin_N	38	5718	1.000000000
Cadherin_C	38	2448	1.000000000
MAGE	38	3783	1.000000000
PX	38	2053	0.947185400
SCAN	38	1582	0.608662000
TTL	38	3583	1.000000000
Anoctamin	37	5328	1.000000000
BACK	37	2196	1.000000000
Na_H_Exchanger	37	4727	1.000000000
NACHT	37	2350	1.000000000
PLAT	37	1679	0.718778200
TAS2R	37	4183	1.000000000
TPR_11	37	1558	0.623225100
Aa_trans	36	5541	1.000000000
Glyco_hydro_31	36	3802	1.000000000
OATP	36	5559	1.000000000
Peptidase_C14	36	2399	1.000000000
Vinculin	36	3856	1.000000000
AA_permease	35	3366	1.000000000
C1_1	35	704	0.042306900
FAT	35	2029	1.000000000
FH2	35	4138	1.000000000
HSP70	35	6342	1.000000000
SMC_N	35	7529	1.000000000
Cpn60_TCP1	34	5380	1.000000000
DUF3497	34	1848	0.954897700
FERM_M	34	2281	1.000000000
Hist_deacetyl	34	2325	1.000000000
Metallophos	34	3781	1.000000000
RGS	34	2148	1.000000000
SH3_1	34	810	0.107090400
TIG	34	1512	0.691931700
Aminotran_1_2	33	3703	1.000000000
Ank	33	452	0.001106386
CNH	33	3479	1.000000000
DOCK-C2	33	1535	0.751812900
Histone	33	1752	0.924705800
Patched	33	3474	1.000000000
zf-DHHC	33	2045	1.000000000
Band_3_cyto	32	2433	1.000000000
Cyclin_N	32	1352	0.627513800
Gla	32	189	0.000000000
Peptidase_M1	32	3475	1.000000000
PHD	32	870	0.184355900
C1-set	31	1411	0.722847000
DSPc	31	1667	0.941184100
Glypican	31	3347	1.000000000
Ig_3	31	1358	0.673180000
Keratin_B2_2	31	951	0.278301500
RRM_6	31	1036	0.357299900
SH3_2	31	751	0.115833400
UQ_con	31	2071	1.000000000
zf-C4	31	1086	0.406606400
adh_short	30	2969	1.000000000
CRAL_TRIO_2	30	1166	0.524129500
dsrm	30	999	0.353509500
FAM47	30	1650	0.969972800
UPF0640	30	55	0.000000000
Arf	29	2108	1.000000000
BTB_2	29	1314	0.716761800
HAD	29	5456	1.000000000
HMG_box	29	1125	0.521925000
IRK	29	4003	1.000000000
MIR	29	1397	0.797860800
FCH	28	841	0.258997100
MAM	28	2253	1.000000000
Peptidase_M2	28	1911	1.000000000
TUDOR	28	1774	1.000000000
cNMP_binding	27	1156	0.644373100
T-box	27	2546	1.000000000
TGFb_propeptide	27	4562	1.000000000
wnt	27	4159	1.000000000
AA_permease_2	26	4403	1.000000000
AAA_6	26	2435	1.000000000
DAGAT	26	1644	1.000000000
DNA_pol_B	26	1824	1.000000000
Pkinase_C	26	462	0.017652670
WTX	26	1118	0.649828400
AAA	25	2008	1.000000000
AAA_7	25	2979	1.000000000
ADAM_spacer1	25	1460	1.000000000
Aldo_ket_red	25	2599	1.000000000
Amino_oxidase	25	2935	1.000000000
Cadherin_2	25	1352	0.948457800
Carb_anhydrase	25	2923	1.000000000
Carn_acyltransf	25	4107	1.000000000
Ephrin_lbd	25	1696	1.000000000
KH_1	25	813	0.330518200
Proteasome	25	1585	1.000000000
Pyr_redox_2	25	1529	1.000000000
SEA	25	1279	0.876366800
TRAM_LAG1_CLN8	25	2320	1.000000000
ASC	24	3743	1.000000000
DAGK_cat	24	906	0.489976600
E1_dh	24	1958	1.000000000
GAF	24	1349	0.997423900
Lipocalin	24	1485	1.000000000
PMP22_Claudin	24	3195	1.000000000
PP2C	24	2672	1.000000000
Ribophorin_II	24	627	0.159057500
SH3_9	24	881	0.456722000
SSF	24	3786	1.000000000
DUF3518	23	514	0.078504160
EF-hand_8	23	759	0.343891400
Glycos_transf_2	23	1979	1.000000000
KCNQ_channel	23	955	0.605269700
Myotub-related	23	3345	1.000000000
RRM_5	23	755	0.338763500
UDPGT	23	4331	1.000000000
zf-B_box	23	526	0.087897350
AAA_12	22	1608	1.000000000
CHGN	22	3352	1.000000000
Crystall	22	1004	0.726383400
FGF	22	1508	1.000000000
Fibrinogen_C	22	2499	1.000000000
Glyco_hydro_1	22	3208	1.000000000
Glyco_transf_10	22	2550	1.000000000
Guanylate_cyc	22	2101	1.000000000
LRR_4	22	703	0.314975400
MCM	22	1823	1.000000000
Na_trans_assoc	22	1635	1.000000000
Peptidase_C2	22	2587	1.000000000
Protocadherin	22	1109	0.856822300
Tetraspannin	22	3469	1.000000000
Thioredoxin	22	1384	1.000000000
VWA_3	22	1243	1.000000000
AAA_8	21	2362	1.000000000
ADH_zinc_N	21	818	0.526690100
Calx-beta	21	1365	1.000000000
CPSase_L_D2	21	1242	1.000000000
DENN	21	1477	1.000000000
Fork_head	21	1343	1.000000000
Ion_trans_2	21	879	0.615586400
Kazal_2	21	550	0.160660900
Ldl_recept_b	21	748	0.423707700
MYT1	21	878	0.614129300
OLF	21	2296	1.000000000
Peptidase_S9	21	1517	1.000000000
PSI	21	574	0.187712500
TGF_beta	21	1569	1.000000000
VWC	21	678	0.324127900
Zip	21	2859	1.000000000
DNA_methylase	20	987	0.829160900
DNA_pol_B_exo1	20	1477	1.000000000
ERG4_ERG24	20	923	0.741334800
PI3K_C2	20	857	0.645412400
PLDc_3	20	361	0.020027190
Septin	20	1975	1.000000000
SGT1	20	585	0.238979300
Sulfotransfer_2	20	1899	1.000000000
Tubulin	20	2266	1.000000000
Tubulin_C	20	1276	1.000000000
UPF0560	20	2396	1.000000000
zf-RanBP	20	118	0.000000000
ArfGap	19	1230	1.000000000
ARID	19	511	0.177535000
BRCT	19	968	0.870876400
C4	19	781	0.592283800
DUF3451	19	901	0.777283100
Dynamin_M	19	1477	1.000000000
Gelsolin	19	1031	0.952784600
ig	19	833	0.674197400
MARVEL	19	1782	1.000000000
MT	19	2587	1.000000000
Neurexophilin	19	1122	1.000000000
PRY	19	631	0.350654600
PWWP	19	653	0.386733700
Ricin_B_lectin	19	1066	0.995117000
RUN	19	939	0.831013600
SAM_2	19	725	0.502625700
Zona_pellucida	19	2306	1.000000000
AIG1	18	1176	1.000000000
DnaJ	18	506	0.208626700
DUF4546	18	207	0.000061708
EF-hand_3	18	99	0.000000000
Epimerase	18	1403	1.000000000
Frizzled	18	2301	1.000000000
Glyco_transf_8	18	1764	1.000000000
GTP_EFTU	18	2522	1.000000000
Guanylate_kin	18	1178	1.000000000
GVQW	18	387	0.062852220
Latrophilin	18	700	0.524794100
LCE	18	856	0.781002600
Med12-LCEWAV	18	1361	1.000000000
PNP_UDP_1	18	636	0.415434200
RasGEF_N	18	1066	1.000000000
RB_A	18	653	0.442560200
ADAM_CR	17	478	0.208806200
Adap_comp_sub	17	1482	1.000000000
Annexin	17	659	0.521072400
bZIP_Maf	17	825	0.807470100
C1q	17	1539	1.000000000
Cation_ATPase_C	17	1823	1.000000000
Cation_efflux	17	2059	1.000000000
CD20	17	898	0.918170700
Clathrin	17	968	1.000000000
COLFI	17	1509	1.000000000
Cystatin	17	1214	1.000000000
Gasdermin	17	1629	1.000000000
GKAP	17	1386	1.000000000
Hexokinase_1	17	1439	1.000000000
His_Phos_1	17	1429	1.000000000
Laminin_G_3	17	1891	1.000000000
MFS_2	17	2514	1.000000000
Na_sulph_symp	17	2900	1.000000000
PARP	17	2244	1.000000000
Pentaxin	17	1351	1.000000000
Peptidase_C48	17	793	0.755567600
Peptidase_M24	17	1381	1.000000000
Phosphodiest	17	2403	1.000000000
PI3K_rbd	17	634	0.475594500
Pro-rich	17	544	0.316240000
Rhodanese	17	1423	1.000000000
V_ATPase_I	17	3067	1.000000000
zf-CCCH	17	160	0.000000481
Ago_hook	16	429	0.175599000
Arm	16	530	0.347914800
Calpain_III	16	935	1.000000000
CAP_GLY	16	267	0.010307430
Ded_cyto	16	1129	1.000000000
DUF2476	16	784	0.819975900
FERM_C	16	808	0.859211600
HEAT_2	16	1054	1.000000000
hSH3	16	89	0.000000000
IPK	16	1344	1.000000000
LMBR1	16	2072	1.000000000
Mab-21	16	2177	1.000000000
MOR2-PAG1_N	16	1068	1.000000000
Na_Ca_ex	16	1100	1.000000000
START	16	1522	1.000000000
Tet_JBP	16	1802	1.000000000
TNF	16	1030	1.000000000
Tropomyosin	16	797	0.841149300
XK-related	16	1914	1.000000000
7TM_GPCR_Srsx	15	1783	1.000000000
Acyltransferase	15	1128	1.000000000
CTNNB1_binding	15	722	0.796802500
Cyclin_C	15	1055	1.000000000
DAO	15	1731	1.000000000
DEP	15	559	0.474720000
DPPIV_N	15	1900	1.000000000
Drf_GBD	15	728	0.807575100
DUF3583	15	332	0.074546440
FKBP_C	15	712	0.778546300
Gal-bind_lectin	15	1354	1.000000000
GDA1_CD39	15	2616	1.000000000
Glyco_hydro_47	15	2708	1.000000000
GRAM	15	426	0.216498600
IMD	15	536	0.426989300
IQ	15	229	0.004051721
LBP_BPI_CETP_C	15	1128	1.000000000
Lipase	15	1887	1.000000000
MBOAT	15	2603	1.000000000
NCKAP5	15	824	0.968431900
NYAP_N	15	1146	1.000000000
Pellino	15	1342	1.000000000
Peptidase_M13_N	15	2753	1.000000000
Peptidase_S8	15	2714	1.000000000
PI-PLC-X	15	1073	1.000000000
Piwi	15	2075	1.000000000
PTEN_C2	15	421	0.207404900
Pyridoxal_deC	15	2036	1.000000000
Sec1	15	2996	1.000000000
Sulfate_transp	15	1138	1.000000000
TEA	15	1724	1.000000000
ThiF	15	943	1.000000000
Transferrin	15	1309	1.000000000
Tweety	15	1359	1.000000000
zf-C3HC4	15	424	0.212880400
zf-RING_2	15	498	0.350318000
14-3-3	14	1178	1.000000000
5_nucleotid	14	1271	1.000000000
A_deamin	14	1723	1.000000000
Alpha_kinase	14	971	1.000000000
BAR	14	1096	1.000000000
BEN	14	410	0.239902400
C8	14	511	0.449900800
CATSPERD	14	1380	1.000000000
CHRD	14	117	0.000000009
CLN5	14	363	0.154210800
CRAL_TRIO	14	1041	1.000000000
CTF_NFI	14	588	0.619942900
FAM178	14	740	0.918994900
FERM_N	14	985	1.000000000
Ferric_reduct	14	1054	1.000000000
FGGY_N	14	1387	1.000000000
Fox-1_C	14	237	0.011696370
HAD_2	14	791	1.000000000
HOOK	14	3183	0.997548400
IBR	14	395	0.211452000
Laminin_I	14	1328	1.000000000
MAGE_N	14	632	0.711778200
MBT	14	579	0.600160900
Oxysterol_BP	14	1535	1.000000000
PAS	14	599	0.643512700
RA	14	638	0.724475200
TAN	14	306	0.069364690
Ten_N	14	864	1.000000000
Topoisom_bac	14	828	1.000000000
Voltage_CLC	14	3031	1.000000000
zf-HC5HC2H	14	317	0.083855710
A_deaminase	13	1535	1.000000000
Asp	13	2260	1.000000000
BicD	13	1445	1.000000000
Citrate_synt	13	580	0.695964300
Clat_adaptor_s	13	1221	1.000000000
Connexin	13	962	1.000000000
CTP_transf_2	13	1059	1.000000000
Dapper	13	871	1.000000000
DUF2450	13	437	0.363481500
DUF3694	13	247	0.029234350
ECH	13	2507	1.000000000
EMP70	13	2095	1.000000000
Fascin	13	548	0.624609800
FHA	13	582	0.700560500
Fz	13	576	0.687371300
GBP_C	13	1909	1.000000000
JAB	13	895	1.000000000
Miro	13	833	1.000000000
Peptidase_C54	13	1225	1.000000000
Peptidase_M10	13	1749	1.000000000
Peptidase_M13	13	890	1.000000000
PI-PLC-Y	13	577	0.689528000
Pro_isomerase	13	1253	1.000000000
Rap_GAP	13	936	1.000000000
RyR	13	659	0.864244900
TPR_1	13	259	0.039721360
Tubulin-binding	13	95	0.000000000
Xlink	13	842	1.000000000
zf-C3HC4_3	13	384	0.246387000
AAA_9	12	1492	1.000000000
Abhydrolase_3	12	836	1.000000000
Abhydrolase_6	12	2360	1.000000000
AKAP_110	12	1446	1.000000000
ANTH	12	807	1.000000000
APOBEC_N	12	899	1.000000000
Arfaptin	12	914	1.000000000
Asp-B-Hydro_N	12	496	0.599419400
Bcl-2	12	309	0.149756800
bZIP_1	12	453	0.489976600
Cation_ATPase_N	12	410	0.380579400
CCDC14	12	248	0.050744420
CEP170_C	12	1365	1.000000000
CS	12	392	0.334483500
DUF3384	12	422	0.410561400
DUF4589	12	481	0.559703200
Dynamin_N	12	1247	1.000000000
Fasciclin	12	864	1.000000000
FMO-like	12	1870	1.000000000
G_glu_transpept	12	1796	1.000000000
GBP	12	1611	1.000000000
Hemopexin	12	458	0.502895500
Hexokinase_2	12	1440	1.000000000
HRM	12	390	0.329975400
HSP90	12	2016	1.000000000
Ins145_P3_rec	12	1098	1.000000000
JmjC	12	622	0.893529900
Kunitz_BPTI	12	318	0.168160000
Lipoxygenase	12	2439	1.000000000
NHS	12	1301	1.000000000
PEPCK	12	1041	1.000000000
Phosphorylase	12	2094	1.000000000
Prog_receptor	12	564	0.765536500
SAM_PNT	12	417	0.398226400
Sec7	12	1310	1.000000000
Serum_albumin	12	1128	1.000000000
Spc97_Spc98	12	2534	1.000000000
STAS	12	861	1.000000000
STAT_bind	12	1009	1.000000000
tRNA-synt_2	12	1780	1.000000000
UBA	12	218	0.020997620
UPF0564	12	353	0.243272600
Urocanase	12	579	0.799958300
Activin_recp	11	389	0.416316500
AKAP2_C	11	647	1.000000000
APG5	11	158	0.001986441
BEX	11	1217	1.000000000
Branch	11	1058	1.000000000
Choline_transpo	11	1501	1.000000000
CIMR	11	1307	1.000000000
CwfJ_C_1	11	125	0.000045206
DDHD	11	1103	1.000000000
Disintegrin	11	537	0.815165600
Dpy19	11	2655	0.993589300
Drf_FH1	11	378	0.386588400
DUF1669	11	1724	1.000000000
EF-hand_like	11	240	0.068625830
FAM75	11	741	1.000000000
Fumble	11	1250	1.000000000
FYVE_2	11	537	0.815165600
Galactosyl_T	11	1552	1.000000000
Glyco_hydro_39	11	521	0.775690600
HAP1_N	11	866	1.000000000
Integrin_beta	11	2449	0.998966200
IP_trans	11	750	1.000000000
JCAD	11	1348	1.000000000
Kringle	11	635	1.000000000
Lig_chan-Glu_bd	11	196	0.018070690
MACPF	11	1219	1.000000000
Nckap1	11	2237	1.000000000
NKAIN	11	689	1.000000000
NUDIX	11	1086	1.000000000
PAP2	11	420	0.503361300
PC-Esterase	11	1187	1.000000000
PDGF	11	344	0.295676000
Rad51	11	1336	1.000000000
RNase_PH	11	863	1.000000000
RNase_T	11	1064	1.000000000
Serinc	11	1766	1.000000000
Somatomedin_B	11	130	0.000099094
SWIB	11	272	0.126431800
TB	11	339	0.282455200
TIL	11	495	0.707505600
Tmemb_161AB	11	725	1.000000000
tRNA-synt_1	11	3474	0.914139300
VWA_N	11	361	0.338552100
zf-FCS	11	336	0.274381400
AAA_5	10	816	1.000000000
Androgen_recep	10	444	0.689958700
Atrophin-1	10	1841	1.000000000
B56	10	1777	1.000000000
Band_7	10	1160	1.000000000
BRO1	10	1531	1.000000000
Cache_1	10	92	0.000000207
Cast	10	1563	1.000000000
COPIIcoated_ERV	10	219	0.070175180
Copine	10	882	1.000000000
Cupin_8	10	770	1.000000000
DAGK_acc	10	649	1.000000000
Death	10	575	1.000000000
DNA_pol_phi	10	909	1.000000000
DSPn	10	234	0.097642810
E2F_TDP	10	433	0.658591300
Folate_carrier	10	1396	1.000000000
GLE1	10	259	0.153501300
Glyco_hydro_38C	10	2166	1.000000000
Glyco_transf_43	10	212	0.058575800
Glyco_transf_64	10	1235	1.000000000
Helicase_C_2	10	548	0.965341700
IQ-like	10	194	0.033870660
ITI_HC_C	10	344	0.387692100
LRRNT	10	131	0.000583603
MRVI1	10	1127	1.000000000
MyTH4	10	453	0.716454700
NAGidase	10	602	1.000000000
Neurochondrin	10	608	1.000000000
NO_synthase	10	1116	1.000000000
Nuc_sug_transp	10	778	1.000000000
Nup153	10	522	0.902736000
P2X_receptor	10	2192	1.000000000
PA26	10	904	1.000000000
Patatin	10	1028	1.000000000
PNMA	10	1809	1.000000000
POM121	10	583	1.000000000
PRK	10	385	0.513079200
PTR2	10	2015	1.000000000
Pyrophosphatase	10	370	0.466174800
RHD	10	843	1.000000000
Rhomboid	10	611	1.000000000
SNARE	10	248	0.127942100
STAT_int	10	367	0.456450300
TPR_12	10	549	0.967660400
TPT	10	605	1.000000000
tRNA-synt_2b	10	1157	1.000000000
ubiquitin	10	473	0.773922000
V-ATPase_C	10	712	1.000000000
zf-CXXC	10	94	0.000000466
zf-met	10	176	0.016194060
A2M_comp	9	1338	1.000000000
AAA_33	9	585	1.000000000
Acetyltransf_1	9	509	1.000000000
ADK	9	962	1.000000000
Biopterin_H	9	996	1.000000000
Biotin_carb_C	9	216	0.110952900
BK_channel_a	9	205	0.086268280
CDC73	9	603	1.000000000
CLASP_N	9	793	1.000000000
Cofilin_ADF	9	262	0.235373500
DCX	9	183	0.045693980
DUF3398	9	288	0.316240000
DUF4206	9	484	0.941269800
EamA	9	871	1.000000000
EphA2_TM	9	298	0.347468900
EPL1	9	569	1.000000000
FAD-oxidase_C	9	1071	1.000000000
FXa_inhibition	9	260	0.229550000
Gal_Lectin	9	162	0.019608400
Gal-3-0_sulfotr	9	1033	1.000000000
GAT	9	404	0.704168400
Glyco_hydro_18	9	1271	1.000000000
Glyco_hydro_59	9	1099	1.000000000
Glyco_transf_6	9	1228	1.000000000
GST_C	9	390	0.659559400
GST_N_3	9	229	0.142026700
His_Phos_2	9	756	1.000000000
HS1_rep	9	74	0.000000005
HSA	9	217	0.113363000
Innexin	9	791	1.000000000
Lactamase_B	9	1000	1.000000000
Laminin_G_1	9	1225	1.000000000
LCCL	9	288	0.316240000
LIM_bind	9	410	0.724008100
Meckelin	9	922	1.000000000
Med24_N	9	987	1.000000000
Memo	9	285	0.306902800
Neuralized	9	276	0.277983000
NMDAR2_C	9	1361	1.000000000
NT-C2	9	454	0.857752300
OGFr_N	9	214	0.106082100
ORC2	9	312	0.395732700
PALP	9	831	1.000000000
PAS_9	9	428	0.781002600
Peptidase_M16_C	9	752	1.000000000
PH_9	9	421	0.759273000
PIP5K	9	1378	1.000000000
PKD_channel	9	1855	1.000000000
PYRIN	9	576	1.000000000
RAI16-like	9	816	1.000000000
RBD	9	283	0.300595600
Ribosomal_S27e	9	110	0.000191308
Sarcoglycan_2	9	687	1.000000000
SBF2	9	452	0.851890500
Scramblase	9	260	0.229550000
SDF	9	1713	1.000000000
Sec63	9	1331	1.000000000
SHMT	9	800	1.000000000
Snf7	9	748	1.000000000
Stork_head	9	109	0.000159520
Thioesterase	9	531	1.000000000
THRAP3_BCLAF1	9	1882	1.000000000
Thyroglobulin_1	9	399	0.688090900
tRNA-synt_2c	9	1392	1.000000000
WT1	9	426	0.774848900
Xan_ur_permease	9	967	1.000000000
YL1_C	9	23	0.000000000
Abhydrolase_1	8	983	1.000000000
ACC_central	8	727	1.000000000
Acyl-CoA_dh_M	8	118	0.002852428
Ammonium_transp	8	1572	1.000000000
APCDDC	8	660	1.000000000
ASXH	8	398	0.839539000
BRICHOS	8	478	1.000000000
CABIT	8	813	1.000000000
CaKB	8	645	1.000000000
Caldesmon	8	496	1.000000000
CARD	8	523	1.000000000
CBS	8	356	0.692752400
CitMHS	8	417	0.900860900
DDE_1	8	1209	1.000000000
DUF106	8	187	0.097077120
DUF1387	8	549	1.000000000
DUF1693	8	961	1.000000000
DUF1704	8	242	0.265511800
DUF3342	8	303	0.493874600
DUF3401	8	495	1.000000000
DUF3452	8	268	0.359849600
DUF3513	8	586	1.000000000
DUF4531	8	184	0.090195540
DUF4601	8	597	1.000000000
DUF4613	8	671	1.000000000
DuoxA	8	281	0.409337800
EF-hand_4	8	389	0.810025100
ERAP1_C	8	1607	1.000000000
ETS_PEA3_N	8	700	1.000000000
F-box-like	8	84	0.000008478
Flavodoxin_1	8	876	1.000000000
Frag1	8	1085	1.000000000
FTHFS	8	1215	1.000000000
GCV_T	8	854	1.000000000
GDNF	8	429	0.937613100
GDPD	8	974	1.000000000
G-gamma	8	396	0.833067500
Glyco_hydro_15	8	1934	0.993485000
Glyco_transf_18	8	1147	1.000000000
GOLGA2L5	8	1431	1.000000000
GPCR_chapero_1	8	1236	1.000000000
Gpi16	8	325	0.577061800
Hamartin	8	718	1.000000000
Hormone_1	8	295	0.462137300
IRF	8	548	1.000000000
IspD	8	233	0.235735200
KRAP_IP3R_bind	8	86	0.000013487
L6_membrane	8	1196	1.000000000
LLGL	8	331	0.600716700
LRAT	8	623	1.000000000
LSM	8	323	0.569030600
MAP7	8	521	1.000000000
MATH	8	977	1.000000000
Mg_trans_NIPA	8	1478	1.000000000
MNNL	8	80	0.000002444
MutS_III	8	644	1.000000000
MutS_V	8	963	1.000000000
Myosin_N	8	171	0.061081340
Myosin_TH1	8	802	1.000000000
NAD_binding_6	8	635	1.000000000
NAPRTase	8	377	0.769040200
NCD3G	8	154	0.032149000
NDK	8	633	1.000000000
NPDC1	8	310	0.520630500
NR_Repeat	8	146	0.021685070
PAT1	8	856	1.000000000
PBC	8	927	1.000000000
Peptidase_M16	8	531	1.000000000
PI3K_p85B	8	156	0.035007360
PIG-U	8	385	0.796576600
POLO_box	8	269	0.363783300
Pou	8	431	0.943588800
Presenilin	8	707	1.000000000
Pyr_redox	8	233	0.235735200
REJ	8	1853	0.996304100
RICTOR_N	8	383	0.789773500
RVT_1	8	271	0.371585500
RWD	8	624	1.000000000
RYDR_ITPR	8	997	1.000000000
S_100	8	303	0.493874600
SAPS	8	403	0.855924700
SCAMP	8	574	1.000000000
Sec23_trunk	8	664	1.000000000
Sec6	8	2153	0.986676600
SecY	8	523	1.000000000
Shisa	8	714	1.000000000
SLAIN	8	945	1.000000000
Syja_N	8	908	1.000000000
Synapsin_C	8	609	1.000000000
Syntaphilin	8	617	1.000000000
TFIIB	8	201	0.134610900
THAP	8	431	0.943588800
TLD	8	372	0.751380500
TRF	8	399	0.842756500
tRNA-synt_1e	8	414	0.891424000
VCBS	8	129	0.007232567
zf-C2H2_4	8	145	0.020652110
zf-TRAF	8	168	0.055674050
Jun	7	747	1.000000000
2-Hacid_dh	7	951	1.000000000
2OG-FeII_Oxy	7	292	0.611207500
2-oxoacid_dh	7	862	1.000000000
Abhydrolase_5	7	508	1.000000000
Acyl-CoA_dh_1	7	594	1.000000000
Adhes-Ig_like	7	112	0.006785331
AKNA	7	214	0.275154900
Amidohydro_1	7	1479	1.000000000
Aminotran_3	7	1395	1.000000000
Beach	7	1129	1.000000000
BRCA2	7	105	0.003394832
Ca_hom_mod	7	949	1.000000000
CALCOCO1	7	1387	1.000000000
CAP	7	725	1.000000000
CD36	7	1343	1.000000000
CDI	7	149	0.059806860
CG-1	7	326	0.753416800
Claudin_2	7	742	1.000000000
Daxx	7	740	1.000000000
DED	7	253	0.438620400
DUF1053	7	388	0.979811900
DUF3402	7	805	1.000000000
DUF3736	7	236	0.366579800
DUF3808	7	927	1.000000000
DUF3827	7	509	1.000000000
DUF4137	7	302	0.654012600
DUF829	7	156	0.077363990
DUF974	7	235	0.362100100
Dysbindin	7	294	0.619942900
EPTP	7	273	0.528109100
ERM	7	694	1.000000000
Erv26	7	365	0.901307700
Exo70	7	371	0.922489500
Exostosin	7	710	1.000000000
FAD_binding_1	7	1123	1.000000000
FAM198	7	641	1.000000000
FAM86	7	160	0.087677470
FANCAA	7	434	1.000000000
FerB	7	223	0.312256300
FGGY_C	7	809	1.000000000
GCC2_GCC3	7	185	0.166441200
Glyco_hydro_2_C	7	533	1.000000000
Glyco_transf_25	7	372	0.925969700
GPP34	7	465	1.000000000
GPS	7	229	0.335765300
Granin	7	1240	1.000000000
HA2	7	581	1.000000000
HNF-1B_C	7	260	0.470764000
IF-2B	7	874	1.000000000
IL8	7	383	0.963349300
IMPDH	7	1260	1.000000000
Insulin	7	381	0.956673600
L_HGMIC_fpl	7	1096	1.000000000
LON	7	682	1.000000000
LRR_5	7	625	1.000000000
LSR	7	147	0.055674050
Lysyl_oxidase	7	931	1.000000000
M20_dimer	7	427	1.000000000
Macro	7	537	1.000000000
MAPEG	7	479	1.000000000
Membr_traf_MHD	7	385	0.969972800
Methyltransf_23	7	549	1.000000000
Methyltransf_FA	7	104	0.003086565
MMR_HSR1	7	767	1.000000000
MRG	7	369	0.915486300
Ndc1_Nup	7	650	1.000000000
Nucleoporin_C	7	1099	1.000000000
OAS1_C	7	564	1.000000000
Orn_Arg_deC_N	7	612	1.000000000
OSCP	7	115	0.008781659
Otopetrin	7	648	1.000000000
P_proprotein	7	266	0.497753400
PAD	7	1569	0.998508900
PAX	7	376	0.939752000
Pecanex_C	7	1053	1.000000000
PEHE	7	270	0.515244100
Peptidase_C1	7	1135	1.000000000
Peptidase_M19	7	972	1.000000000
Peptidase_M28	7	612	1.000000000
PHO4	7	1241	1.000000000
PKD	7	281	0.561506100
PLA2_B	7	448	1.000000000
Pribosyltran	7	589	1.000000000
Prominin	7	945	1.000000000
PTB	7	587	1.000000000
PTCB-BRCT	7	264	0.488859300
Reticulon	7	497	1.000000000
Ribosomal_L22e	7	164	0.098288200
Ribosomal_L7Ae	7	509	1.000000000
RNB	7	713	1.000000000
RPE65	7	1564	0.998725200
SBP_bac_3	7	1772	0.990517500
SCP-1	7	765	1.000000000
SOCS_box	7	160	0.087677470
SRCR_2	7	268	0.506547700
Syntaxin	7	294	0.619942900
Tektin	7	1886	0.986607000
TFIIA	7	1278	1.000000000
Tissue_fac	7	428	1.000000000
TMEM151	7	506	1.000000000
Tmp39	7	873	1.000000000
TNFR_c6	7	241	0.388558100
TPMT	7	222	0.308245700
TRAPPC9-Trs120	7	1108	1.000000000
Tropomodulin	7	562	1.000000000
UBX	7	405	1.000000000
UMPH-1	7	393	0.995959300
UPAR_LY6	7	309	0.682731200
Utp14	7	1439	1.000000000
V-ATPase_H_N	7	308	0.678688600
WW	7	210	0.258016100
Xpo1	7	459	1.000000000
zf-C2H2_6	7	157	0.079979300
2OG-FeII_Oxy_3	6	241	0.562280800
3Beta_HSD	6	727	1.000000000
6PF2K	6	773	1.000000000
AAA_11	6	673	1.000000000
ABC2_membrane	6	636	1.000000000
ACBP	6	266	0.688090900
Acyl-CoA_dh_N	6	449	1.000000000
Acylphosphatase	6	80	0.000723123
Adenylsucc_synt	6	848	1.000000000
ADH_N	6	531	1.000000000
Aldolase_II	6	463	1.000000000
Alk_phosphatase	6	1312	1.000000000
Aminotran_4	6	741	1.000000000
Ank_4	6	269	0.702495100
Ank_5	6	162	0.180000300
APC10	6	439	1.000000000
ApoL	6	1043	1.000000000
Apolipoprotein	6	859	1.000000000
Asparaginase_2	6	332	0.977635200
ATP-synt_ab	6	851	1.000000000
Basic	6	273	0.722371500
BAT2_N	6	194	0.325432400
Bestrophin	6	761	1.000000000
BNR_2	6	1096	1.000000000
Bravo_FIGEY	6	179	0.253847800
BRCA-2_OB3	6	139	0.093103790
CAF1	6	809	1.000000000
Calpain_inhib	6	133	0.075165260
CBM_48	6	87	0.002296036
CENP-B_N	6	264	0.678688600
Ceramidase	6	513	1.000000000
CLCA_N	6	783	1.000000000
CLN3	6	321	0.934609600
CLU	6	222	0.466174800
Connexin_CCC	6	337	0.996492100
CSD	6	130	0.065733440
CUT	6	321	0.934609600
dCMP_cyt_deam_1	6	431	1.000000000
DEAD_2	6	370	1.000000000
DIL	6	213	0.420272600
DIM1	6	236	0.537969300
Dispanin	6	306	0.872238700
DIX	6	166	0.196276200
DNA_pol3_delta2	6	171	0.219195500
DREV	6	490	1.000000000
DUF1086	6	313	0.901903100
DUF221	6	684	1.000000000
DUF2475	6	67	0.000032259
DUF3371	6	271	0.712488300
DUF3504	6	495	1.000000000
DUF3657	6	184	0.277983000
DUF4207	6	265	0.683403000
DUF4457	6	689	1.000000000
DUF4471	6	294	0.819975900
DUF4527	6	273	0.722371500
DUF706	6	85	0.001669213
DZF	6	979	1.000000000
Ecm29	6	507	1.000000000
ecTbetaR2	6	119	0.038734050
EF-hand_6	6	164	0.187712500
Endonuclease_NS	6	463	1.000000000
FA	6	94	0.005566611
Ferritin	6	230	0.508004000
Fez1	6	560	1.000000000
Filaggrin	6	211	0.410561400
FragX_IP	6	865	1.000000000
FtsJ	6	554	1.000000000
FYRN	6	150	0.132061400
Gate	6	129	0.062852220
GF_recep_IV	6	133	0.075165260
Glyco_hydro_56	6	1348	0.998351000
Glyco_transf_22	6	892	1.000000000
Glycolytic	6	841	1.000000000
G-patch	6	129	0.062852220
GST_C_2	6	569	1.000000000
GTP_EFTU_D2	6	289	0.797705300
HATPase_c_3	6	393	1.000000000
HbrB	6	216	0.434585600
HDNR	6	92	0.004308317
HhH-GPD	6	334	0.985228800
HlyIII	6	979	1.000000000
HMA	6	62	0.000005925
HORMA	6	353	1.000000000
IDO	6	392	1.000000000
IFRD	6	616	1.000000000
Integrin_B_tail	6	251	0.614858200
IRS	6	451	1.000000000
Kv2channel	6	540	1.000000000
Lactamase_B_2	6	816	1.000000000
Laminin_B	6	820	1.000000000
Lamp	6	610	1.000000000
LBP_BPI_CETP	6	837	1.000000000
Ldh_1_C	6	514	1.000000000
Lipase_GDSL	6	757	1.000000000
LRR_9	6	646	1.000000000
LST1	6	66	0.000024879
MBD	6	209	0.400711100
Mec-17	6	121	0.043121870
Med25_SD1	6	283	0.770205100
Methyltransf_11	6	378	1.000000000
MHC_I_C	6	80	0.000723123
MIF4G	6	805	1.000000000
M-inducer_phosp	6	516	1.000000000
MIP-T3	6	571	1.000000000
MORN	6	92	0.004308317
MOZ_SAS	6	563	1.000000000
Mpv17_PMP22	6	68	0.000041499
Myb_DNA-bind_4	6	347	1.000000000
MYCBPAP	6	423	1.000000000
Na_K-ATPase	6	738	1.000000000
NAD_binding_1	6	466	1.000000000
NCU-G1	6	418	1.000000000
Ndr	6	848	1.000000000
NfI_DNAbd_pre-N	6	88	0.002668547
Nicastrin	6	292	0.811136300
Nop14	6	838	1.000000000
Nrap	6	497	1.000000000
OB_NTP_bind	6	798	1.000000000
P53_TAD	6	25	0.000000000
PAD_N	6	336	0.992754500
PAN_1	6	170	0.214692700
PARP_reg	6	267	0.692752400
PAS_11	6	329	0.966115300
PAS_3	6	263	0.673947200
PCMT	6	625	1.000000000
Peptidase_M48	6	484	1.000000000
PfkB	6	794	1.000000000
Phospholip_A2_1	6	270	0.707505600
PHR	6	159	0.168160000
PHTB1_C	6	381	1.000000000
PigN	6	455	1.000000000
PIH1	6	858	1.000000000
PLDc_2	6	423	1.000000000
PMG	6	821	1.000000000
Pyr_redox_3	6	653	1.000000000
RBB1NT	6	96	0.006785331
Reeler	6	390	1.000000000
Rer1	6	225	0.482122000
Retinal	6	1264	1.000000000
RFX_DNA_binding	6	316	0.914313600
RICTOR_M	6	220	0.455362400
RNA_pol_Rpb2_1	6	1200	1.000000000
RnaseA	6	596	1.000000000
RNF111_N	6	389	1.000000000
RR_TM4-6	6	828	1.000000000
Sel1	6	71	0.000100836
Ski_Sno	6	132	0.072057110
Solute_trans_a	6	768	1.000000000
SPARC_Ca_bdg	6	388	1.000000000
Sterol-sensing	6	461	1.000000000
Strabismus	6	1000	1.000000000
Strumpellin	6	1081	1.000000000
T4_deiodinase	6	256	0.639983400
TAFH	6	96	0.006785331
TALPID3	6	1229	1.000000000
TCL1_MTCP1	6	238	0.547705000
TFIIF_alpha	6	516	1.000000000
TGT	6	524	1.000000000
Thiolase_N	6	781	1.000000000
Thioredoxin_6	6	919	1.000000000
TIMP	6	305	0.867917800
TIP49	6	1007	1.000000000
TK	6	330	0.969972800
TLE_N	6	441	1.000000000
TM2	6	50	0.000000007
TMCO5	6	500	1.000000000
TMEM223	6	99	0.009206152
TMPIT	6	330	0.969972800
TPD52	6	642	1.000000000
TPR_17	6	33	0.000000000
Transglut_core	6	571	1.000000000
Transketolase_N	6	568	1.000000000
Trehalase	6	506	1.000000000
Trichoplein	6	728	1.000000000
TSP_3	6	150	0.132061400
TSP_C	6	400	1.000000000
Tub	6	724	1.000000000
UEV	6	121	0.043121870
UT	6	610	1.000000000
VHS	6	394	1.000000000
Vps53_N	6	452	1.000000000
VPS9	6	408	1.000000000
VWA_2	6	731	1.000000000
WGR	6	168	0.205566700
zf-3CxxC	6	409	1.000000000
zf-C3HC4_2	6	189	0.302178700
zf-CCHC	6	53	0.000000067
3HCDH	5	383	1.000000000
5-nucleotidase	5	805	1.000000000
ABC1	5	338	1.000000000
Aconitase	5	1056	1.000000000
ADP_ribosyl_GH	5	961	1.000000000
Ald_Xan_dh_C2	5	1078	1.000000000
Amidohydro_4	5	613	1.000000000
ANATO	5	34	0.000000000
Arrestin_N	5	457	1.000000000
Astacin	5	386	1.000000000
ATP-sulfurylase	5	452	1.000000000
ATP-synt_ab_C	5	353	1.000000000
BCDHK_Adom3	5	310	1.000000000
Calreticulin	5	982	1.000000000
CaMBD	5	201	0.563364300
CBF	5	305	1.000000000
CDC50	5	866	1.000000000
Chitin_synth_2	5	375	1.000000000
Coatomer_WDAD	5	1042	1.000000000
COG7	5	766	1.000000000
CP2	5	685	1.000000000
CTD_bind	5	121	0.115279100
Cu-oxidase_3	5	355	1.000000000
Cys_knot	5	297	1.000000000
Cys_rich_FGFR	5	243	0.809357500
DARPP-32	5	407	1.000000000
dDENN	5	228	0.725315300
DHDPS	5	303	1.000000000
DNA_ligase_A_N	5	354	1.000000000
Dopey_N	5	601	1.000000000
DOR	5	547	1.000000000
Dsh_C	5	602	1.000000000
DSHCT	5	357	1.000000000
DUF1193	5	642	1.000000000
DUF2048	5	442	1.000000000
DUF2146	5	286	1.000000000
DUF2340	5	119	0.106572200
DUF2371	5	334	1.000000000
DUF2465	5	960	1.000000000
DUF3414	5	1718	0.861314000
DUF3498	5	514	1.000000000
DUF3512	5	487	1.000000000
DUF3588	5	353	1.000000000
DUF3591	5	464	1.000000000
DUF3608	5	272	0.956003100
DUF4551	5	471	1.000000000
DUF563	5	462	1.000000000
DUF914	5	673	1.000000000
EGF_2	5	85	0.012102210
ELMO_CED12	5	694	1.000000000
EMP24_GP25L	5	897	1.000000000
Endostatin	5	315	1.000000000
FAA_hydrolase	5	702	1.000000000
FAD_binding_6	5	216	0.655680500
FAM117	5	951	1.000000000
FAM196	5	1014	1.000000000
FAM70	5	831	1.000000000
FGE-sulfatase	5	272	0.956003100
FG-GAP	5	108	0.064451150
fn1	5	77	0.004563246
FNIP_N	5	82	0.008611084
Fringe	5	414	1.000000000
FYVE	5	274	0.965341700
GATA	5	104	0.052730500
GATA-N	5	620	1.000000000
GATase	5	593	1.000000000
GCM	5	282	1.000000000
GDI	5	789	1.000000000
GFO_IDH_MocA	5	207	0.601494100
GlcNAc_2-epim	5	493	1.000000000
Glyco_hydro_35	5	713	1.000000000
Glyco_hydro_38	5	1233	0.992196600
Glyco_transf_49	5	643	1.000000000
Glyco_transf_7C	5	224	0.701489600
Glyco_transf_7N	5	380	1.000000000
Glycogen_syn	5	1265	0.990553500
GON	5	401	1.000000000
GRIM-19	5	241	0.798607200
GTPase_binding	5	42	0.000000012
HCaRG	5	711	1.000000000
HELP	5	262	0.907716800
HMG_box_2	5	206	0.595255100
HSNSD	5	1607	0.902978200
HSP20	5	272	0.956003100
IER	5	641	1.000000000
IL28A	5	484	1.000000000
Integrin_b_cyt	5	47	0.000000466
K167R	5	447	1.000000000
KAP	5	708	1.000000000
Kazal_1	5	172	0.387692100
Leuk-A4-hydro_C	5	437	1.000000000
Linker_histone	5	299	1.000000000
LMF1	5	854	1.000000000
LRR_1	5	46	0.000000207
LUC7	5	252	0.856583000
Lung_7-TM_R	5	654	1.000000000
LysM	5	43	0.000000026
Med14	5	194	0.522132000
Menin	5	559	1.000000000
Methyltransf_31	5	426	1.000000000
Mito_fiss_reg	5	856	1.000000000
Mitofilin	5	644	1.000000000
MMPL	5	190	0.497753400
Molybdopterin	5	329	1.000000000
Mtc	5	918	1.000000000
mTERF	5	758	1.000000000
Mucin2_WxxW	5	177	0.417373700
Muted	5	252	0.856583000
Myc_N	5	619	1.000000000
NAP	5	866	1.000000000
Neuro_bHLH	5	256	0.877395900
NGF	5	349	1.000000000
NHL	5	84	0.010959320
NIF	5	556	1.000000000
Nitroreductase	5	137	0.189238100
Nup160	5	516	1.000000000
OGG_N	5	117	0.097642810
OTU	5	413	1.000000000
P4Ha_N	5	265	0.922489500
PA	5	367	1.000000000
PCI	5	418	1.000000000
PDEase_I_N	5	122	0.119552000
Peptidase_M20	5	750	1.000000000
Peptidase_M3	5	1348	0.986567700
Peptidase_S10	5	844	1.000000000
Peptidase_S24	5	78	0.005318185
PGM_PMM_I	5	295	1.000000000
Phospholip_A2_2	5	183	0.453182300
PLU-1	5	663	1.000000000
PRELI	5	326	1.000000000
PRMT5	5	743	1.000000000
PWI	5	146	0.237684200
Rab_eff_C	5	915	1.000000000
RINGv	5	139	0.200012400
RNA_pol_I_A49	5	383	1.000000000
Rtf2	5	361	1.000000000
SBF	5	546	1.000000000
Sec15	5	618	1.000000000
Semenogelin	5	1133	0.997772800
SLY	5	306	1.000000000
SOXp	5	316	1.000000000
Steroid_dh	5	506	1.000000000
TatD_DNase	5	515	1.000000000
TB2_DP1_HVA22	5	189	0.491538100
TF_AP-2	5	625	1.000000000
TFIIS_M	5	466	1.000000000
TIR	5	711	1.000000000
Titin_Z	5	42	0.000000012
Torsin	5	485	1.000000000
Tox-GHH	5	158	0.305017700
Transglut_C	5	513	1.000000000
Transglut_N	5	436	1.000000000
tRNA-synt_1c	5	624	1.000000000
TSKS	5	567	1.000000000
UPRTase	5	402	1.000000000
XRCC1_N	5	360	1.000000000
zf-C2HC	5	93	0.024521700
zf-C3HC4_4	5	124	0.127942100
ZU5	5	268	0.937013200
2OG-FeII_Oxy_2	4	819	1.000000000
A2M_recep	4	179	0.699979300
AAA_4	4	405	1.000000000
AdoHcyase	4	854	1.000000000
AGTRAP	4	152	0.497753400
AJAP1_PANP_C	4	208	0.897726500
ALMS_motif	4	134	0.359849600
Alpha-amylase	4	600	1.000000000
APC_crr	4	78	0.035007360
ApoB100_C	4	58	0.002296036
APP_E2	4	373	1.000000000
ARGLU	4	151	0.489976600
Arm_2	4	1016	0.990302300
ARPC4	4	336	1.000000000
Atg14	4	626	1.000000000
ATP_Ca_trans_C	4	64	0.006785331
Ax_dynein_light	4	194	0.806682400
Bac_surface_Ag	4	318	1.000000000
BAG	4	150	0.482122000
Biotin_lipoyl	4	221	0.975726100
BORG_CEP	4	298	1.000000000
BRCA-2_helical	4	189	0.772530000
BRCT_assoc	4	240	1.000000000
Brix	4	526	1.000000000
BSP_II	4	298	1.000000000
CactinC_cactus	4	125	0.295021800
Calsequestrin	4	767	1.000000000
CaMKII_AD	4	256	1.000000000
CBAH	4	187	0.758486900
Cbl_N2	4	170	0.635017500
CCDC144C	4	880	0.999777800
CCER1	4	216	0.946561000
CENP-I	4	522	1.000000000
CENP-P	4	177	0.685750300
Chorein_N	4	119	0.251750600
CITED	4	367	1.000000000
COG6	4	557	1.000000000
COPI_C	4	410	1.000000000
Cornifin	4	121	0.265511800
CRAL_TRIO_N	4	170	0.635017500
c-SKI_SMAD_bind	4	189	0.772530000
CtIP_N	4	120	0.258016100
Cu2_monooxygen	4	269	1.000000000
Cylicin_N	4	60	0.003394832
CYTL1	4	132	0.343891400
Cyto_heme_lyase	4	260	1.000000000
D123	4	447	1.000000000
DAP3	4	296	1.000000000
DC_STAMP	4	564	1.000000000
Dendrin	4	655	1.000000000
DNA_photolyase	4	125	0.295021800
DNA_pol_A_exo1	4	169	0.627513800
DNA_pol_B_palm	4	111	0.198614500
DNA_topoisoIV	4	917	0.996992200
Dor1	4	314	1.000000000
Drf_FH3	4	576	1.000000000
DUF1162	4	540	1.000000000
DUF1180	4	481	1.000000000
DUF1253	4	439	1.000000000
DUF1394	4	610	1.000000000
DUF1640	4	195	0.813354800
DUF1682	4	339	1.000000000
DUF1866	4	289	1.000000000
DUF1917	4	221	0.975726100
DUF1981	4	86	0.062852220
DUF2054	4	131	0.336724700
DUF21	4	334	1.000000000
DUF2217	4	1630	0.761822400
DUF2359	4	638	1.000000000
DUF2431	4	171	0.642455400
DUF3481	4	166	0.604596700
DUF3528	4	324	1.000000000
DUF3651	4	153	0.505453900
DUF4071	4	638	1.000000000
DUF4174	4	388	1.000000000
DUF4200	4	394	1.000000000
DUF4205	4	647	1.000000000
DUF4455	4	474	1.000000000
DUF4486	4	453	1.000000000
DUF4487	4	553	1.000000000
DUF4501	4	487	1.000000000
DUF4552	4	248	1.000000000
DUF4566	4	229	1.000000000
DUF4568	4	102	0.143442500
DUF4599	4	189	0.772530000
DUF4609	4	70	0.015322210
DUF4639	4	519	1.000000000
DUF4656	4	370	1.000000000
DUF908	4	282	1.000000000
EBP	4	382	1.000000000
eIF2A	4	527	1.000000000
ERGIC_N	4	195	0.813354800
EST1	4	121	0.265511800
EVC2_like	4	425	1.000000000
FAD_binding_2	4	395	1.000000000
FAD_binding_3	4	381	1.000000000
FAM150	4	197	0.826546600
FAM177	4	122	0.273025200
FancD2	4	1424	0.839757900
FATC	4	66	0.009206152
Fe_hyd_lg_C	4	591	1.000000000
FerI	4	144	0.434585600
Filament_head	4	247	1.000000000
FMN_dh	4	684	1.000000000
fn2	4	84	0.055674050
Focal_AT	4	278	1.000000000
Folliculin	4	165	0.596819100
FRG2	4	546	1.000000000
Fucokinase	4	826	1.000000000
FYRC	4	176	0.678688600
G2F	4	577	1.000000000
G6B	4	198	0.833067500
G6PD_C	4	475	1.000000000
G8	4	382	1.000000000
GATase_2	4	282	1.000000000
GDE_C	4	484	1.000000000
GHMP_kinases_C	4	83	0.051987970
GHMP_kinases_N	4	108	0.180000300
GIDA	4	447	1.000000000
Globin	4	420	1.000000000
Gly_rich	4	422	1.000000000
Glyco_hydro_79n	4	155	0.520630500
Glyco_transf_54	4	287	1.000000000
GpcrRhopsn4	4	255	1.000000000
GSG-1	4	132	0.343891400
GTP_EFTU_D3	4	309	1.000000000
Gtr1_RagA	4	681	1.000000000
Hairy_orange	4	43	0.000013487
HCR	4	756	1.000000000
hDGE_amylase	4	431	1.000000000
hEGF	4	26	0.000000000
HHH_3	4	190	0.779468200
HHH_8	4	133	0.351915500
HIF-1	4	69	0.013502750
Hint	4	262	1.000000000
Hira	4	175	0.671566400
HRDC	4	203	0.865749300
Hus1	4	558	1.000000000
IBB	4	276	1.000000000
ICAM_N	4	182	0.722371500
IF4E	4	489	1.000000000
IFNGR1	4	164	0.588970400
IFT20	4	106	0.168160000
IIGP	4	383	1.000000000
IL6	4	303	1.000000000
IL6Ra-bind	4	308	1.000000000
ING	4	69	0.013502750
Isy1	4	267	1.000000000
KAP_NTPase	4	893	0.998779400
Katanin_con80	4	161	0.564987000
Kelch_2	4	107	0.174121700
Kelch_4	4	207	0.891424000
Kinetochor_Ybp2	4	561	1.000000000
KRTAP	4	204	0.872238700
Laminin_II	4	397	1.000000000
Lectin_leg-like	4	678	1.000000000
LEM	4	127	0.309250900
LRR_6	4	74	0.023719460
LsmAD	4	70	0.015322210
LTD	4	241	1.000000000
Lyase_1	4	627	1.000000000
M16C_assoc	4	249	1.000000000
MAP2_projctn	4	1129	0.983769500
MatE	4	305	1.000000000
Matrilin_ccoil	4	47	0.000091211
MBD_C	4	282	1.000000000
Med13_C	4	1050	0.988226100
Med13_N	4	769	1.000000000
Med16	4	717	1.000000000
MHC_II_alpha	4	246	1.000000000
Milton	4	329	1.000000000
MM_CoA_mutase	4	516	1.000000000
Mob_synth_C	4	128	0.316240000
MOR2-PAG1_mid	4	445	1.000000000
MRFAP1	4	254	1.000000000
MRP	4	201	0.852625300
MT-A70	4	340	1.000000000
MutS_II	4	158	0.542852500
Myb_DNA-bind_6	4	193	0.799958300
N_Asn_amidohyd	4	274	1.000000000
N1221	4	606	1.000000000
Neugrin	4	41	0.000004625
Neuregulin	4	975	0.992949100
Neurensin	4	178	0.692752400
NHR2	4	134	0.359849600
Nipped-B_C	4	184	0.736994300
NIPSNAP	4	398	1.000000000
NPR3	4	293	1.000000000
NTP_transf_2	4	296	1.000000000
NTPase_1	4	179	0.699979300
NUC194	4	398	1.000000000
NumbF	4	159	0.550119700
OST3_OST6	4	310	1.000000000
P16-Arc	4	143	0.427466700
Pacs-1	4	828	1.000000000
PAP_central	4	349	1.000000000
PAPA-1	4	50	0.000268914
PAZ	4	413	1.000000000
PBD	4	233	1.000000000
Peptidase_C69	4	453	1.000000000
Peptidase_M8	4	576	1.000000000
Peptidase_MA_2	4	163	0.581049600
Peptidase_S28	4	1025	0.989742700
Perilipin	4	1547	0.790976700
PEX11	4	536	1.000000000
PFK	4	577	1.000000000
PH_11	4	100	0.132061400
PH_BEACH	4	338	1.000000000
PHD_3	4	65	0.007708199
PI3K_1B_p101	4	1033	0.989251400
PIF1	4	299	1.000000000
PIG-H	4	71	0.017487960
PINIT	4	465	1.000000000
PP2C_C	4	80	0.040562330
PPDFL	4	111	0.198614500
Pribosyl_synth	4	232	1.000000000
Propep_M14	4	230	1.000000000
Rab5-bind	4	344	1.000000000
Radical_SAM	4	328	1.000000000
RAG1	4	419	1.000000000
Rav1p_C	4	871	1.000000000
Receptor_IA-2	4	55	0.001171373
RecQ5	4	205	0.878680500
Reprolysin_2	4	342	1.000000000
RGM_C	4	370	1.000000000
RGM_N	4	175	0.671566400
RIB43A	4	559	1.000000000
Ribonucleas_3_3	4	115	0.225876100
Ribosomal_L6	4	107	0.174121700
RICTOR_phospho	4	107	0.174121700
RIIa	4	108	0.180000300
RNA_pol	4	401	1.000000000
Rod_C	4	359	1.000000000
RPN7	4	287	1.000000000
RunxI	4	190	0.779468200
SAP25	4	199	0.839539000
Scs3p	4	383	1.000000000
Sds3	4	172	0.649828400
Sec16_C	4	536	1.000000000
Seipin	4	270	1.000000000
Sina	4	197	0.826546600
SIR2	4	624	1.000000000
SLA_LP_auto_ag	4	399	1.000000000
SNF5	4	196	0.819975900
Speriolin_C	4	293	1.000000000
Speriolin_N	4	380	1.000000000
SPG48	4	456	1.000000000
SPO22	4	259	1.000000000
Stathmin	4	126	0.302178700
Synaphin	4	362	1.000000000
Syntaxin_2	4	204	0.872238700
TAFA	4	270	1.000000000
Tcp11	4	977	0.992816100
TEX33	4	121	0.265511800
TFR_dimer	4	250	1.000000000
THEG	4	165	0.596819100
Thiolase_C	4	371	1.000000000
THUMP	4	144	0.434585600
TMC	4	227	1.000000000
TPR_16	4	214	0.934609600
TraB	4	908	0.997654100
TRC8_N	4	999	0.991380000
tRNA_synt_1c_R1	4	326	1.000000000
tRNA-synt_1d	4	349	1.000000000
TruD	4	434	1.000000000
TTKRSYEDQ	4	506	1.000000000
Tyrosinase	4	465	1.000000000
UDG	4	162	0.573055500
UPF0449	4	62	0.004942543
VAD1-2	4	246	1.000000000
Vasohibin	4	473	1.000000000
VGCC_beta4Aa_N	4	42	0.000008478
VHL	4	255	1.000000000
Vps16_C	4	319	1.000000000
Vps26	4	557	1.000000000
WBP-1	4	207	0.891424000
XAP5	4	473	1.000000000
XRCC4	4	334	1.000000000
Xylo_C	4	182	0.722371500
zf-C2H2_2	4	192	0.793181700
zf-C3Hc3H	4	135	0.367695200
zf-HC5HC2H_2	4	236	1.000000000
zf-LITAF-like	4	148	0.466174800
zf-PARP	4	87	0.067328000
4HBT	3	155	0.889312900
A2M_N	3	301	1.000000000
A2M_N_2	3	298	1.000000000
AAA_17	3	127	0.630022400
AAA_25	3	295	1.000000000
AAA_34	3	309	1.000000000
Abhydro_lipase	3	25	0.000000007
Abi_HHR	3	79	0.164138500
AlaDh_PNT_C	3	368	1.000000000
ALG3	3	704	0.995438100
Amidase	3	1380	0.697080500
Aminotran_5	3	1054	0.847736400
AMP_N	3	287	1.000000000
AMP-binding_C	3	158	0.914313600
APH	3	244	1.000000000
Armet	3	306	1.000000000
Arrestin_C	3	289	1.000000000
Asn_synthase	3	119	0.547705000
Asparaginase	3	339	1.000000000
ATG_C	3	202	1.000000000
ATG11	3	137	0.727272400
Atg8	3	316	1.000000000
ATP_synt_H	3	45	0.003394832
ATP-grasp_2	3	209	1.000000000
ATP-gua_Ptrans	3	248	1.000000000
BAAT_C	3	207	1.000000000
BCIP	3	203	1.000000000
BRE	3	333	1.000000000
BRK	3	92	0.277983000
BROMI	3	1287	0.733874200
BSD	3	123	0.588970400
BTG	3	350	1.000000000
Cadherin_pro	3	185	1.000000000
CAF1C_H4-bd	3	121	0.567684900
CAGE1	3	289	1.000000000
Calcipressin	3	344	1.000000000
Catalase	3	386	1.000000000
CathepsinC_exc	3	118	0.537969300
CATSPERG	3	540	1.000000000
CBFD_NFYB_HMF	3	129	0.649828400
CCDC74_C	3	242	1.000000000
CECR6_TMEM121	3	357	1.000000000
cEGF	3	28	0.000000381
CENP-R	3	139	0.746611000
CENP-U	3	356	1.000000000
CHB_HEX_C_1	3	78	0.155979600
Choline_kinase	3	418	1.000000000
CIDE-N	3	155	0.889312900
CKAP2_C	3	320	1.000000000
Clp1	3	193	1.000000000
CLPTM1	3	415	1.000000000
CN_hydrolase	3	580	1.000000000
Cohesin_load	3	548	1.000000000
Connexin50	3	67	0.078238540
Coprogen_oxidas	3	372	1.000000000
Coq4	3	222	1.000000000
CTC1	3	1142	0.800053000
Cu_amine_oxid	3	828	0.985127900
CytochromB561_N	3	555	1.000000000
DAN	3	354	1.000000000
DDE_Tnp_1_7	3	367	1.000000000
DDOST_48kD	3	410	1.000000000
DDRGK	3	189	1.000000000
Defensin_beta_2	3	89	0.249644500
DJ-1_PfpI	3	254	1.000000000
DMP1	3	513	1.000000000
DNA_ligase_A_M	3	399	1.000000000
DNA_primase_S	3	466	1.000000000
dNK	3	219	1.000000000
Draxin	3	316	1.000000000
DSS1_SEM1	3	58	0.033107950
DUF1041	3	108	0.434585600
DUF1088	3	337	1.000000000
DUF1279	3	88	0.241130500
DUF1518	3	58	0.033107950
DUF1899	3	65	0.065733440
DUF1900	3	135	0.707505600
DUF2315	3	196	1.000000000
DUF2346	3	99	0.343891400
DUF2358	3	124	0.599419400
DUF2392	3	101	0.365089800
DUF3337	3	312	1.000000000
DUF3377	3	144	0.793181700
DUF3523	3	534	1.000000000
DUF3550	3	496	1.000000000
DUF3585	3	288	1.000000000
DUF3595	3	49	0.008211339
DUF3669	3	160	0.930588500
DUF3689	3	312	1.000000000
DUF3776	3	104	0.395732700
DUF4195	3	356	1.000000000
DUF4371	3	337	1.000000000
DUF4392	3	279	1.000000000
DUF4483	3	136	0.717443500
DUF4498	3	247	1.000000000
DUF4518	3	274	1.000000000
DUF4537	3	127	0.630022400
DUF4557	3	206	1.000000000
DUF4594	3	175	1.000000000
DUF4655	3	533	1.000000000
DUF747	3	312	1.000000000
Dus	3	638	1.000000000
Dymeclin	3	836	0.984542700
EF-hand_1	3	58	0.033107950
EF-hand_2	3	45	0.003394832
eIF3_N	3	215	1.000000000
ELM2	3	53	0.016771160
ELO	3	474	1.000000000
Endomucin	3	261	1.000000000
Endosulfine	3	109	0.444401500
Enolase_C	3	438	1.000000000
EPO_TPO	3	164	0.962240300
EpoR_lig-bind	3	200	1.000000000
ER_lumen_recept	3	286	1.000000000
F_actin_bind	3	109	0.444401500
FA_desaturase	3	503	1.000000000
F-actin_cap_A	3	271	1.000000000
FAD_binding_4	3	278	1.000000000
FAIM1	3	178	1.000000000
FAM124	3	467	1.000000000
FAM131	3	547	1.000000000
FAM180	3	279	1.000000000
FAM216B	3	225	1.000000000
FAM222A	3	432	1.000000000
Far-17a_AIG1	3	106	0.415434200
FBA	3	525	1.000000000
Fer2	3	155	0.889312900
FIIND	3	257	1.000000000
FOP_dimer	3	209	1.000000000
G6PD_N	3	176	1.000000000
GAS2	3	153	0.872238700
GBA2_N	3	305	1.000000000
GCD14	3	487	1.000000000
GCV_T_C	3	196	1.000000000
GED	3	184	1.000000000
GIT_SHD	3	31	0.000005925
GLTSCR1	3	106	0.415434200
Glyco_hydro_85	3	284	1.000000000
Glyco_tranf_2_3	3	398	1.000000000
Glyco_transf_90	3	696	0.996196400
GSDH	3	735	0.992617400
GST_C_3	3	390	1.000000000
GST_N	3	173	1.000000000
HAUS5	3	890	0.954799500
HEAT	3	62	0.050744420
Helicase_C_4	3	277	1.000000000
Herpes_UL45	3	113	0.487367100
HEXIM	3	266	1.000000000
HH_signal	3	323	1.000000000
HIN	3	339	1.000000000
HJURP_C	3	127	0.630022400
HNOBA	3	402	1.000000000
Hyccin	3	622	1.000000000
IBN_N	3	207	1.000000000
IKI3	3	954	0.909741700
IL1	3	233	1.000000000
IMS	3	430	1.000000000
Inositol_P	3	590	1.000000000
Interfer-bind	3	207	1.000000000
Interferon	3	486	1.000000000
INTS2	3	1108	0.817801500
IZUMO	3	393	1.000000000
Josephin	3	321	1.000000000
KA1	3	94	0.297416900
KCl_Cotrans_1	3	30	0.000002444
KCNQC3-Ank-G_bd	3	99	0.343891400
Keratin_B2	3	159	0.922489500
KSR1-SAM	3	257	1.000000000
L27	3	111	0.466174800
L27_2	3	58	0.033107950
LANC_like	3	694	0.996388000
Ldh_1_N	3	274	1.000000000
Lectin_N	3	300	1.000000000
LepA_C	3	108	0.434585600
LETM1	3	248	1.000000000
Leu_zip	3	520	1.000000000
Lipocalin_7	3	255	1.000000000
Lon_C	3	214	1.000000000
Ly49	3	249	1.000000000
Lys	3	248	1.000000000
MAD	3	1276	0.738490100
MANEC	3	165	0.969972800
MCD	3	453	1.000000000
MCM_N	3	272	1.000000000
Mcm10	3	351	1.000000000
Med25_NR-box	3	79	0.164138500
Membralin	3	370	1.000000000
Mesothelin	3	1071	0.838068700
Met_synt_B12	3	284	1.000000000
Metallothio	3	122	0.578393100
Methyltransf_18	3	108	0.434585600
Methyltransf_32	3	267	1.000000000
MGAT2	3	355	1.000000000
MGS	3	195	1.000000000
Miff	3	209	1.000000000
MitMem_reg	3	233	1.000000000
MMS22L_N	3	706	0.995250500
Mon1	3	840	0.984253300
MOR2-PAG1_C	3	526	1.000000000
Motilin_assoc	3	116	0.518121500
MtN3_slv	3	138	0.736994300
Mur_ligase_M	3	178	1.000000000
Myelin_PLP	3	363	1.000000000
NAD_binding_2	3	326	1.000000000
NAD_binding_5	3	433	1.000000000
NDUF_C2	3	57	0.029234350
Nol1_Nop2_Fmu	3	422	1.000000000
Nop	3	149	0.837387200
Nop53	3	406	1.000000000
NOSIC	3	106	0.415434200
NOT2_3_5	3	131	0.669178800
NTF2	3	274	1.000000000
Nucleoporin_N	3	834	0.984688200
Occludin_ELL	3	204	1.000000000
OCD_Mu_crystall	3	253	1.000000000
Ocular_alb	3	404	1.000000000
OPA3	3	133	0.688090900
ORC5_C	3	256	1.000000000
p25-alpha	3	165	0.969972800
P5CR_dimer	3	209	1.000000000
Pam16	3	100	0.354570100
PB1	3	247	1.000000000
PCAF_N	3	405	1.000000000
PCI_Csn8	3	253	1.000000000
Peptidase_C13	3	308	1.000000000
Peptidase_C15	3	179	1.000000000
Peptidase_C65	3	380	1.000000000
Peptidase_M17	3	622	1.000000000
Peptidase_M50	3	358	1.000000000
Peptidase_S9_N	3	756	0.990806100
PGK	3	777	0.989068700
PHTB1_N	3	422	1.000000000
PIP49_N	3	302	1.000000000
PKI	3	70	0.096132270
PKK	3	364	1.000000000
PLAC9	3	92	0.277983000
PMM	3	441	1.000000000
Porin_3	3	385	1.000000000
PPAK	3	56	0.025257350
PRA1	3	256	1.000000000
Pre-SET	3	115	0.508004000
Pro_racemase	3	331	1.000000000
Prp19_bind	3	274	1.000000000
PTRF_SDPR	3	483	1.000000000
RAB3GAP2_N	3	425	1.000000000
Rad60-SLD	3	131	0.669178800
Rad9	3	253	1.000000000
Radial_spoke	3	667	0.999058800
Raftlin	3	925	0.929578700
RAP	3	117	0.528109100
Receptor_2B4	3	106	0.415434200
RF-1	3	357	1.000000000
RFX1_trans_act	3	140	0.756124400
Rhomboid_SP	3	427	1.000000000
Ribonuclease_3	3	386	1.000000000
Ribosomal_S8e	3	449	1.000000000
Ripply	3	178	1.000000000
RNA_pol_Rpb1_5	3	1193	0.775353900
RNA_pol_Rpb2_6	3	740	0.992179200
RNA_pol_Rpb4	3	115	0.508004000
RNase_PH_C	3	133	0.688090900
RPEL	3	78	0.155979600
S1	3	223	1.000000000
SAC3_GANP	3	265	1.000000000
Sad1_UNC	3	136	0.717443500
SDA1	3	510	1.000000000
Sdh_cyt	3	119	0.547705000
Sec10	3	619	1.000000000
Sec23_BS	3	170	1.000000000
Serine_rich	3	159	0.922489500
SH3BP5	3	237	1.000000000
SIM_C	3	312	1.000000000
SIS	3	260	1.000000000
SK_channel	3	238	1.000000000
SLAM	3	252	1.000000000
SMAP	3	146	0.811136300
S-methyl_trans	3	588	1.000000000
Smg4_UPF3	3	168	0.992754500
Smoothelin	3	50	0.010185990
Sod_Cu	3	295	1.000000000
Sp38	3	538	1.000000000
SPAN-X	3	198	1.000000000
SSDP	3	734	0.992705600
ST7	3	1073	0.836946300
STAT_alpha	3	553	1.000000000
Str_synth	3	89	0.249644500
SUFU	3	180	1.000000000
Sulfate_tra_GLY	3	144	0.793181700
Sulfotransfer_3	3	390	1.000000000
Surp	3	163	0.954436700
Synaptobrevin	3	58	0.033107950
TAF4	3	497	1.000000000
TFIIS_C	3	78	0.155979600
TGF_beta_GS	3	42	0.001472748
TIP120	3	167	0.985228800
Tis11B_N	3	350	1.000000000
TMEM213	3	83	0.196276200
Topoisom_I	3	476	1.000000000
Toprim	3	263	1.000000000
TPP_enzyme_M	3	264	1.000000000
TPR_10	3	75	0.132061400
TRAPPC-Trs85	3	407	1.000000000
TRM	3	427	1.000000000
tRNA_int_endo	3	125	0.609742800
tRNA_SAD	3	101	0.365089800
Troponin	3	275	1.000000000
UBA_4	3	121	0.567684900
UDPGP	3	420	1.000000000
UPF0020	3	348	1.000000000
UPF0066	3	124	0.599419400
UPF0183	3	308	1.000000000
UPF0220	3	315	1.000000000
Vert_HS_TF	3	486	1.000000000
VGLL4	3	220	1.000000000
VHP	3	36	0.000127291
Vitellogenin_N	3	556	1.000000000
WAP	3	90	0.258016100
WASH-7_N	3	573	1.000000000
Yippee-Mis18	3	194	1.000000000
zf-MYND	3	37	0.000222666
zf-piccolo	3	61	0.045693980
zf-TAZ	3	155	0.889312900
zf-UBP	3	205	1.000000000
Zw10	3	613	1.000000000
3HCDH_N	2	358	1.000000000
53-BP1_Tudor	2	122	1.000000000
AAA_23	2	97	0.806682400
ABC_membrane_2	2	288	1.000000000
AbfB	2	117	1.000000000
Acatn	2	332	1.000000000
Acetyltransf_2	2	261	1.000000000
Aconitase_C	2	130	1.000000000
Acyl_transf_1	2	318	1.000000000
AdoMet_MTase	2	112	0.992754500
AIF_C	2	131	1.000000000
AKAP95	2	167	1.000000000
Alpha_adaptin_C	2	109	0.958347500
Alpha_adaptinC2	2	96	0.793181700
Alpha-amylase_C	2	96	0.793181700
Alveol-reg_P311	2	33	0.009206152
Amidase_2	2	162	1.000000000
Angiomotin_C	2	209	1.000000000
Anticodon_1	2	288	1.000000000
APC_basic	2	357	1.000000000
APG6	2	316	1.000000000
APG9	2	653	0.893031800
Apolipo_F	2	200	1.000000000
Apt1	2	475	0.994646400
Arginosuc_synth	2	396	1.000000000
ArgK	2	284	1.000000000
ART	2	459	0.996919300
ATG16	2	390	1.000000000
ATP-grasp_4	2	200	1.000000000
AXH	2	241	1.000000000
Axin_b-cat_bind	2	73	0.449900800
B12-binding_2	2	82	0.588970400
B9-C2	2	156	1.000000000
Bap31	2	220	1.000000000
BAR_3_WASP_bdg	2	473	0.994924200
BASP1	2	270	1.000000000
Bax1-I	2	328	1.000000000
BBS1	2	256	1.000000000
BCAS3	2	251	1.000000000
Beta_helix	2	345	1.000000000
BID	2	195	1.000000000
BIR	2	66	0.343891400
BMP2K_C	2	215	1.000000000
BNIP2	2	131	1.000000000
BRAP2	2	110	0.969972800
BRE1	2	100	0.845989600
BTK	2	32	0.006785331
Cactin_mid	2	190	1.000000000
Calponin	2	49	0.121668800
Calsarcin	2	550	0.985349600
CAMSAP_CH	2	84	0.619942900
Caprin-1_C	2	293	1.000000000
Carboxyl_trans	2	555	0.984797700
CarboxypepD_reg	2	155	1.000000000
CAS_CSE1	2	436	1.000000000
CBF_beta	2	78	0.528109100
Cbl_N	2	132	1.000000000
CBM_21	2	211	1.000000000
CC2D2AN-C2	2	173	1.000000000
CCDC142	2	419	1.000000000
CCDC50_N	2	131	1.000000000
CD34_antigen	2	409	1.000000000
CD99L2	2	158	1.000000000
CDP-OH_P_transf	2	430	1.000000000
CDT1	2	165	1.000000000
CENP-N	2	337	1.000000000
CEP76-C2	2	163	1.000000000
Cg6151-P	2	40	0.040562330
CHDCT2	2	173	1.000000000
Chon_Sulph_att	2	139	1.000000000
Chromo	2	105	0.910196500
Churchill	2	65	0.329975400
CLP_protease	2	182	1.000000000
CLTH	2	487	0.993015700
CLU_N	2	76	0.497753400
Clusterin	2	435	1.000000000
Cmyb_C	2	332	1.000000000
Cnd1	2	109	0.958347500
Cnd1_N	2	169	1.000000000
CoA_trans	2	430	1.000000000
CoA_transf_3	2	192	1.000000000
Cobl	2	79	0.542852500
COG4	2	311	1.000000000
Colipase_C	2	90	0.707505600
Colipase-like	2	82	0.588970400
Condensin2nSMC	2	154	1.000000000
COPR5	2	152	1.000000000
COQ9	2	139	1.000000000
Cornichon	2	106	0.922489500
COX6A	2	140	1.000000000
COX7a	2	80	0.557318600
COX7B	2	80	0.557318600
CPSase_L_chain	2	121	1.000000000
Creatinase_N	2	146	1.000000000
CRF-BP	2	310	1.000000000
Crisp	2	110	0.969972800
CSF-1	2	283	1.000000000
CT47	2	290	1.000000000
CTDII	2	81	0.573055500
Ctr	2	133	1.000000000
Cu_amine_oxidN2	2	87	0.664382900
Cu_amine_oxidN3	2	101	0.859211600
Cul7	2	79	0.542852500
CybS	2	74	0.466174800
Cys_Met_Meta_PP	2	377	1.000000000
Cytochrom_B558a	2	194	1.000000000
Cytochrom_B561	2	137	1.000000000
Cytochrom_D1	2	102	0.872238700
Dak1	2	323	1.000000000
DAP	2	188	1.000000000
DBC1	2	256	1.000000000
DCAF15_WD40	2	217	1.000000000
DEK_C	2	109	0.958347500
DER1	2	191	1.000000000
Det1	2	406	1.000000000
DGCR6	2	174	1.000000000
DHHA2	2	154	1.000000000
Dimer_Tnp_hAT	2	162	1.000000000
Diphthamide_syn	2	626	0.919887500
DLIC	2	939	0.686541300
DLL_N	2	87	0.664382900
DM	2	94	0.765536500
DMA	2	78	0.528109100
DMPK_coil	2	61	0.273025200
DNA_ligase_A_C	2	111	0.981440600
DNA_mis_repair	2	210	1.000000000
DNA_pol_E_B	2	203	1.000000000
Dna2	2	217	1.000000000
DOMON	2	119	1.000000000
DPM2	2	80	0.557318600
DSL	2	126	1.000000000
DTHCT	2	193	1.000000000
DTW	2	417	1.000000000
DUF1075	2	149	1.000000000
DUF1077	2	121	1.000000000
DUF1113	2	137	1.000000000
DUF1115	2	255	1.000000000
DUF1154	2	43	0.062852220
DUF1183	2	327	1.000000000
DUF1308	2	365	1.000000000
DUF1624	2	162	1.000000000
DUF1744	2	401	1.000000000
DUF1785	2	45	0.081277610
DUF1880	2	118	1.000000000
DUF1908	2	278	1.000000000
DUF1973	2	358	1.000000000
DUF2003	2	445	0.999007900
DUF2042	2	279	1.000000000
DUF2181	2	223	1.000000000
DUF2356	2	230	1.000000000
DUF2360	2	160	1.000000000
DUF2365	2	148	1.000000000
DUF2452	2	160	1.000000000
DUF3312	2	941	0.685450300
DUF3317	2	58	0.232470100
DUF3321	2	123	1.000000000
DUF3381	2	181	1.000000000
DUF3437	2	90	0.707505600
DUF3453	2	238	1.000000000
DUF3454	2	66	0.343891400
DUF3456	2	84	0.619942900
DUF3469	2	92	0.736994300
DUF3480	2	354	1.000000000
DUF3496	2	109	0.958347500
DUF3522	2	185	1.000000000
DUF3543	2	219	1.000000000
DUF3733	2	52	0.155979600
DUF3740	2	148	1.000000000
DUF3754	2	124	1.000000000
DUF3767	2	98	0.819975900
DUF410	2	250	1.000000000
DUF4147	2	193	1.000000000
DUF4209	2	90	0.707505600
DUF4464	2	225	1.000000000
DUF4470	2	108	0.946561000
DUF4475	2	79	0.542852500
DUF4476	2	121	1.000000000
DUF4490	2	107	0.934609600
DUF4495	2	322	1.000000000
DUF4503	2	389	1.000000000
DUF4515	2	388	1.000000000
DUF4523	2	135	1.000000000
DUF4544	2	52	0.155979600
DUF4545	2	279	1.000000000
DUF4556	2	197	1.000000000
DUF4564	2	63	0.302178700
DUF4572	2	195	1.000000000
DUF4578	2	123	1.000000000
DUF4584	2	433	1.000000000
DUF4585	2	75	0.482122000
DUF4600	2	130	1.000000000
DUF4603	2	1280	0.546656700
DUF4628	2	171	1.000000000
DUF4632	2	71	0.420272600
DUF4634	2	129	1.000000000
DUF4636	2	182	1.000000000
DUF4642	2	115	1.000000000
DUF4643	2	272	1.000000000
DUF4647	2	454	0.997654100
DUF4648	2	165	1.000000000
DUF4650	2	520	0.988826200
DUF4662	2	263	1.000000000
DUF572	2	319	1.000000000
DUF608	2	368	1.000000000
DUF663	2	293	1.000000000
DUF726	2	337	1.000000000
DUF737	2	336	1.000000000
DUF750	2	64	0.316240000
DUF814	2	194	1.000000000
DUF846	2	134	1.000000000
DUF89	2	313	1.000000000
DUF913	2	387	1.000000000
DUF959	2	183	1.000000000
DUSP	2	194	1.000000000
E1_DerP2_DerF2	2	271	1.000000000
EFG_II	2	149	1.000000000
EFhand_Ca_insen	2	67	0.359849600
EHN	2	113	1.000000000
eIF_4EBP	2	100	0.845989600
eIF3_p135	2	187	1.000000000
eIF3_subunit	2	248	1.000000000
eIF-3_zeta	2	521	0.988705500
eIF3g	2	123	1.000000000
EIN3	2	192	1.000000000
ELL	2	549	0.985460900
Enamelin	2	903	0.706790900
ENT	2	67	0.359849600
ENTH	2	124	1.000000000
ERCC4	2	143	1.000000000
eRF1_1	2	239	1.000000000
ERO1	2	403	1.000000000
Es2	2	369	1.000000000
EST1_DNA_bind	2	533	0.987283600
ETF	2	165	1.000000000
FAD_binding_5	2	181	1.000000000
FAM110_C	2	222	1.000000000
FAM110_N	2	200	1.000000000
FAM163	2	166	1.000000000
FAM176	2	140	1.000000000
FAM181	2	280	1.000000000
FAM212	2	61	0.273025200
FAM53	2	446	0.998855400
FANCI_HD2	2	235	1.000000000
FANCI_S1-cap	2	53	0.168160000
FANCI_S2	2	166	1.000000000
FANCI_S3	2	178	1.000000000
F-box	2	44	0.072057110
FCP1_C	2	246	1.000000000
Fer4_12	2	129	1.000000000
FerA	2	66	0.343891400
Fe-S_biosyn	2	92	0.736994300
Fib_alpha	2	147	1.000000000
FIBP	2	363	1.000000000
Fibrinogen_aC	2	66	0.343891400
Flavodoxin_2	2	308	1.000000000
Flt3_lig	2	90	0.707505600
FLYWCH	2	59	0.245405600
FLYWCH_N	2	106	0.922489500
Fmp27_GFWDK	2	133	1.000000000
Folate_rec	2	162	1.000000000
Formyl_trans_C	2	107	0.934609600
FRG1	2	190	1.000000000
GCOM2	2	222	1.000000000
GDC-P	2	424	1.000000000
GHBP	2	308	1.000000000
GIT1_C	2	125	1.000000000
Gln-synt_N	2	173	1.000000000
Glucosamine_iso	2	198	1.000000000
GluR_Homer-bdg	2	51	0.143442500
Glutenin_hmw	2	349	1.000000000
Glyco_hydro_2	2	102	0.872238700
Glyco_hydro_20	2	458	0.997065300
Glyco_hydro_63	2	790	0.779110300
Glyco_hydro_65m	2	353	1.000000000
Glyco_transf_11	2	514	0.989557800
Glyco_transf_17	2	352	1.000000000
Glyco_transf_41	2	469	0.995485100
Glycophorin_A	2	80	0.557318600
Glycos_transf_1	2	153	1.000000000
Glyoxalase	2	229	1.000000000
GNT-I	2	433	1.000000000
Gpi1	2	190	1.000000000
Granulin	2	86	0.649828400
GRIP	2	43	0.062852220
Gryzun	2	521	0.988705500
GSH_synth_ATP	2	360	1.000000000
GSHPx	2	209	1.000000000
H2TH	2	81	0.573055500
HARE-HTH	2	145	1.000000000
Hat1_N	2	204	1.000000000
HATPase_c	2	279	1.000000000
HAUS4	2	191	1.000000000
HEAT_EZ	2	52	0.155979600
HemN_C	2	69	0.390718200
HgmA	2	430	1.000000000
HIT	2	97	0.806682400
HMG14_17	2	178	1.000000000
HMGL-like	2	498	0.991573000
HNF_C	2	65	0.329975400
HNF-1_N	2	213	1.000000000
HoxA13_N	2	220	1.000000000
HPD	2	132	1.000000000
HPHLAWLY	2	632	0.913771200
HPS3_C	2	354	1.000000000
hSac2	2	113	1.000000000
HSBP1	2	54	0.180000300
HSF_DNA-bind	2	217	1.000000000
HSL_N	2	315	1.000000000
HTH_Tnp_Tc5	2	129	1.000000000
HVSL	2	211	1.000000000
Hyd_WA	2	32	0.006785331
Hydrolase_6	2	104	0.897726500
I_LWEQ	2	303	1.000000000
ICA69	2	223	1.000000000
IFN-gamma	2	138	1.000000000
IGF2_C	2	55	0.191567600
IGFBP	2	108	0.946561000
IL12	2	219	1.000000000
IL12p40_C	2	93	0.751380500
IL17	2	170	1.000000000
IL17_R_N	2	668	0.878820800
IL33	2	264	1.000000000
INCENP_N	2	38	0.029234350
Inhibitor_I29	2	60	0.258016100
INT_SG_DDX_CT_C	2	65	0.329975400
INTS5_C	2	710	0.841454300
IPP-2	2	133	1.000000000
ITAM	2	43	0.062852220
Jnk-SapK_ap_N	2	158	1.000000000
JTB	2	69	0.390718200
K_channel_TID	2	75	0.482122000
KAT11	2	307	1.000000000
Kelch_3	2	103	0.885075400
Kelch_6	2	111	0.981440600
KOW	2	69	0.390718200
KR	2	181	1.000000000
KRTDAP	2	63	0.302178700
Ku_PK_bind	2	120	1.000000000
Kua-UEV1_localn	2	166	1.000000000
La	2	58	0.232470100
LAP1C	2	463	0.996340000
LCAT	2	197	1.000000000
LCM	2	192	1.000000000
Lep_receptor_Ig	2	90	0.707505600
Lge1	2	110	0.969972800
Ligase_CoA	2	252	1.000000000
Lipase_3	2	277	1.000000000
Lipin_N	2	114	1.000000000
LNS2	2	289	1.000000000
Longin	2	82	0.588970400
M_domain	2	269	1.000000000
MAGP	2	278	1.000000000
malic	2	364	1.000000000
Malic_M	2	253	1.000000000
MamL-1	2	61	0.273025200
MARCKS	2	328	1.000000000
MAT1	2	200	1.000000000
MDM1	2	540	0.986476200
Med25	2	156	1.000000000
Med25_VWA	2	227	1.000000000
Med26	2	50	0.132061400
Med30	2	150	1.000000000
Med4	2	149	1.000000000
Meiosis_expr	2	77	0.513079200
Metallophos_2	2	158	1.000000000
Metallothi_Euk2	2	80	0.557318600
Methyltransf_10	2	291	1.000000000
Methyltransf_12	2	100	0.845989600
Methyltransf_16	2	254	1.000000000
Methyltransf_1N	2	85	0.635017500
Methyltrn_RNA_3	2	292	1.000000000
MgtE	2	137	1.000000000
MIF4G_like_2	2	270	1.000000000
MIT	2	146	1.000000000
Mito_morph_reg	2	166	1.000000000
MMS22L_C	2	378	1.000000000
Mob1_phocein	2	355	1.000000000
MoeA_N	2	167	1.000000000
MOSC	2	142	1.000000000
MOSC_N	2	41	0.048234600
Mpp10	2	641	0.904758200
MR_MLE_C	2	114	1.000000000
Mre11_DNA_bind	2	168	1.000000000
mRNA_cap_C	2	98	0.819975900
MRP-S24	2	133	1.000000000
MRP-S28	2	127	1.000000000
MTS	2	140	1.000000000
Myb_Cef	2	257	1.000000000
Myelin_MBP	2	115	1.000000000
NAD_binding_4	2	315	1.000000000
NADHdh_A3	2	56	0.205566700
NAGLU	2	338	1.000000000
Nbas_N	2	282	1.000000000
Neogenin_C	2	306	1.000000000
NESP55	2	245	1.000000000
Nexin_C	2	218	1.000000000
NID	2	90	0.707505600
NIF3	2	214	1.000000000
NmrA	2	234	1.000000000
NMT_C	2	188	1.000000000
NMU	2	25	0.000268914
NNMT_PNMT_TEMT	2	311	1.000000000
Noc2	2	299	1.000000000
NODP	2	63	0.302178700
Noggin	2	226	1.000000000
Npa1	2	322	1.000000000
NPIP	2	107	0.934609600
NPL4	2	310	1.000000000
NPP	2	45	0.081277610
NRDE	2	90	0.707505600
NtA	2	128	1.000000000
NTR	2	212	1.000000000
Nuc_deoxyrib_tr	2	114	1.000000000
Nuc_recep-AF1	2	112	0.992754500
Nucleopor_Nup85	2	558	0.984470200
Nudc_N	2	99	0.833067500
NUDIX-like	2	131	1.000000000
Nuf2	2	124	1.000000000
Nup88	2	731	0.823990700
NYN	2	142	1.000000000
OAR	2	41	0.048234600
O-FucT	2	342	1.000000000
OGFr_III	2	20	0.000002444
Opiods_neuropep	2	72	0.434585600
ORC3_N	2	331	1.000000000
Oscp1	2	171	1.000000000
Osteopontin	2	281	1.000000000
OST-HTH	2	69	0.390718200
P5-ATPase	2	139	1.000000000
PA14	2	145	1.000000000
PA28_beta	2	300	1.000000000
PAC2	2	367	1.000000000
PAD_M	2	321	1.000000000
PAE	2	354	1.000000000
Paf67	2	401	1.000000000
PAF-AH_p_II	2	369	1.000000000
Parathyroid	2	97	0.806682400
ParcG	2	209	1.000000000
Pax7	2	42	0.055674050
PBP	2	300	1.000000000
PDE6_gamma	2	166	1.000000000
Pentapeptide_4	2	76	0.497753400
Peptidase_C78	2	403	1.000000000
Peptidase_M41	2	401	1.000000000
Peptidase_M49	2	565	0.983716100
Peptidase_M54	2	107	0.934609600
Peptidase_S68	2	34	0.012102210
Pescadillo_N	2	282	1.000000000
Pex24p	2	113	1.000000000
Pex26	2	305	1.000000000
PEX-2N	2	84	0.619942900
PGAP1	2	221	1.000000000
PGI	2	568	0.983397100
PGM_PMM_IV	2	108	0.946561000
PHD_2	2	71	0.420272600
Phosducin	2	316	1.000000000
Phospholip_B	2	537	0.986820300
PI31_Prot_C	2	90	0.707505600
PIG-F	2	195	1.000000000
PIP49_C	2	399	1.000000000
PLA2G12	2	190	1.000000000
PLAC8	2	166	1.000000000
PMSI1	2	314	1.000000000
PMSR	2	158	1.000000000
polyprenyl_synt	2	273	1.000000000
Porphobil_deam	2	211	1.000000000
POT1	2	131	1.000000000
Pox_MCEL	2	340	1.000000000
Prefoldin	2	204	1.000000000
Prenyltrans	2	88	0.678688600
Prenyltrans_2	2	212	1.000000000
Prenyltransf	2	114	1.000000000
PRKCSH	2	163	1.000000000
PRKCSH-like	2	174	1.000000000
Prokineticin	2	202	1.000000000
Proteasom_PSMB	2	504	0.990806100
PS-DH	2	230	1.000000000
PSP	2	53	0.168160000
PSS	2	283	1.000000000
PTE	2	333	1.000000000
Pterin_bind	2	213	1.000000000
PTN_MK_C	2	130	1.000000000
PTPLA	2	325	1.000000000
PTS_2-RNA	2	160	1.000000000
PTS_EIIA_2	2	96	0.793181700
PUA	2	78	0.528109100
PUL	2	259	1.000000000
PV-1	2	442	0.999468300
Rad10	2	64	0.316240000
Radial_spoke_3	2	290	1.000000000
RAG2	2	339	1.000000000
RAMP	2	115	1.000000000
RBFA	2	106	0.922489500
RBP_receptor	2	619	0.927135300
RDD	2	161	1.000000000
REC114-like	2	241	1.000000000
RED_N	2	36	0.019608400
Rep_fac_C	2	217	1.000000000
Retrotrans_gag	2	94	0.765536500
Rft-1	2	507	0.990427700
Rib_recp_KP_reg	2	141	1.000000000
Ribonuc_red_lgC	2	525	0.988226100
Ribosom_S12_S23	2	135	1.000000000
Ribosomal_L23	2	162	1.000000000
Ribosomal_L3	2	299	1.000000000
Ribosomal_L44	2	79	0.542852500
Ribosomal_L6e_N	2	65	0.329975400
Ribosomal_S14	2	53	0.168160000
Ribosomal_S2	2	270	1.000000000
Ribosomal_S9	2	210	1.000000000
Ric8	2	475	0.994646400
RIH_assoc	2	134	1.000000000
RIO1	2	177	1.000000000
RmlD_sub_bind	2	296	1.000000000
RNA_pol_Rpb1_1	2	349	1.000000000
RNA_pol_Rpb6	2	52	0.155979600
RNase_H2-Ydr279	2	288	1.000000000
Robl_LC7	2	91	0.722371500
Rotamase_3	2	61	0.273025200
RPA_interact_M	2	49	0.121668800
RPAP1_C	2	71	0.420272600
RRF	2	164	1.000000000
rRNA_proc-arch	2	135	1.000000000
Rsm22	2	287	1.000000000
Runt	2	135	1.000000000
SAB	2	49	0.121668800
Saccharop_dh	2	437	1.000000000
SAMP	2	21	0.000008478
SAND	2	82	0.588970400
SAP18	2	122	1.000000000
Sarcoglycan_1	2	302	1.000000000
SARG	2	263	1.000000000
SART-1	2	639	0.906744500
SASRP1	2	71	0.420272600
SBP56	2	467	0.995768200
SCHIP-1	2	237	1.000000000
SCO1-SenC	2	182	1.000000000
SE	2	272	1.000000000
Sec16	2	102	0.872238700
Sec39	2	655	0.891108900
Sec3-PIP2_bind	2	93	0.751380500
Sec7_N	2	87	0.664382900
Sec8_exocyst	2	121	1.000000000
Senescence	2	188	1.000000000
SH3BGR	2	92	0.736994300
SHS2_Rpb7-N	2	70	0.405653800
Shugoshin_N	2	46	0.090195540
SID-1_RNA_chan	2	664	0.882563400
SIR2_2	2	144	1.000000000
Sld5	2	108	0.946561000
SLIDE	2	234	1.000000000
SMC_Nse1	2	164	1.000000000
SMK-1	2	194	1.000000000
SnAC	2	69	0.390718200
SNAP	2	562	0.984037500
SNase	2	168	1.000000000
Snurportin1	2	40	0.040562330
Sorting_nexin	2	240	1.000000000
SPATA19	2	148	1.000000000
SPATA24	2	177	1.000000000
Spatacsin_C	2	295	1.000000000
Spermine_synth	2	279	1.000000000
Spin-Ssty	2	78	0.528109100
SpoU_methylase	2	336	1.000000000
Sprouty	2	219	1.000000000
SPT6_acidic	2	94	0.765536500
Spy1	2	114	1.000000000
SRA1	2	51	0.143442500
SRPRB	2	180	1.000000000
SSXRD	2	34	0.012102210
STAG	2	120	1.000000000
Stanniocalcin	2	424	1.000000000
STT3	2	493	0.992222800
Suf	2	275	1.000000000
SUFU_C	2	222	1.000000000
Suppressor_APC	2	165	1.000000000
SURF1	2	219	1.000000000
SynMuv_product	2	210	1.000000000
Syntaxin-6_N	2	193	1.000000000
Synuclein	2	126	1.000000000
Tap-RNA_bind	2	88	0.678688600
TauD	2	261	1.000000000
TBD	2	116	1.000000000
Telomere_Sde2	2	137	1.000000000
Telomere_Sde2_2	2	60	0.258016100
TFIID_90kDa	2	142	1.000000000
TFIID-31kDa	2	129	1.000000000
THF_DHG_CYH_C	2	175	1.000000000
Thioredoxin_7	2	82	0.588970400
TILa	2	114	1.000000000
Tim17	2	130	1.000000000
TM140	2	181	1.000000000
TMEM117	2	263	1.000000000
TMEM141	2	96	0.793181700
TMEM164	2	267	1.000000000
TMEM169	2	134	1.000000000
TMEM192	2	236	1.000000000
TMEM237	2	250	1.000000000
TMEM247	2	219	1.000000000
Tmem26	2	301	1.000000000
TMEM52	2	156	1.000000000
Tmemb_14	2	125	1.000000000
Tmemb_185A	2	224	1.000000000
Tmemb_40	2	280	1.000000000
Tmemb_55A	2	250	1.000000000
Tmemb_cc2	2	404	1.000000000
Tom37	2	68	0.375454200
TORC_C	2	76	0.497753400
TORC_N	2	37	0.023719460
TPP_enzyme_C	2	152	1.000000000
TPR_9	2	75	0.482122000
TPX2_importin	2	183	1.000000000
TRAM1	2	138	1.000000000
Transket_pyr	2	345	1.000000000
Translin	2	238	1.000000000
Transmemb_17	2	109	0.958347500
Transposase_22	2	471	0.995203700
TRAP-delta	2	167	1.000000000
TRAPPC10	2	230	1.000000000
Trm112p	2	176	1.000000000
tRNA_m1G_MT	2	163	1.000000000
tRNA-synt_1b	2	305	1.000000000
tRNA-synt_1g	2	367	1.000000000
tRNA-synt_His	2	422	1.000000000
TSC22	2	60	0.258016100
TspO_MBR	2	150	1.000000000
Tuberin	2	355	1.000000000
Tudor-knot	2	53	0.168160000
Tyr_Deacylase	2	146	1.000000000
Tyr-DNA_phospho	2	413	1.000000000
U5_2-snRNA_bdg	2	47	0.099896530
UBACT	2	69	0.390718200
Ubiquitin_2	2	81	0.573055500
Ubiquitin_3	2	88	0.678688600
uDENN	2	68	0.375454200
UDP-g_GGTase	2	207	1.000000000
UFD1	2	177	1.000000000
UNC-79	2	469	0.995485100
UPF0016	2	74	0.466174800
UPF0029	2	110	0.969972800
UPF0258	2	159	1.000000000
UPF0489	2	239	1.000000000
UPF0515	2	257	1.000000000
UPF0697	2	99	0.833067500
Uso1_p115_C	2	129	1.000000000
USP7_C2	2	215	1.000000000
USP8_dimer	2	200	1.000000000
Uteroglobin	2	138	1.000000000
UTP15_C	2	151	1.000000000
V1R	2	265	1.000000000
vATP-synt_E	2	398	1.000000000
VBS	2	250	1.000000000
VEFS-Box	2	138	1.000000000
VIT	2	120	1.000000000
VMA21	2	66	0.343891400
VPS28	2	154	1.000000000
Vps52	2	508	0.990302300
WASH-7_C	2	170	1.000000000
WH1	2	221	1.000000000
WIF	2	136	1.000000000
WWE	2	147	1.000000000
XendoU	2	272	1.000000000
Yae1_N	2	39	0.035007360
YdjC	2	284	1.000000000
YEATS	2	84	0.619942900
YIF1	2	348	1.000000000
Yip1	2	325	1.000000000
z-alpha	2	67	0.359849600
zf-C3H1	2	22	0.000024879
zf-C4H2	2	211	1.000000000
zf-GRF	2	87	0.664382900
zf-RING_5	2	104	0.897726500
zf-RING_6	2	42	0.055674050
Zwint	2	249	1.000000000
5-FTHF_cyc-lig	1	189	1.000000000
60KD_IMP	1	221	0.999468300
A_deaminase_N	1	92	1.000000000
A2M	1	91	1.000000000
AA_permease_N	1	76	1.000000000
AAA_16	1	155	1.000000000
AAA_18	1	160	1.000000000
AAA_2	1	220	0.999777800
AARP2CN	1	82	1.000000000
ABC_tran_2	1	86	1.000000000
Abhydrolase_2	1	218	1.000000000
ABM	1	76	1.000000000
Acetyltransf_3	1	150	1.000000000
Acetyltransf_7	1	84	1.000000000
Acid_PPase	1	133	1.000000000
ACT	1	66	1.000000000
ACTH_domain	1	39	0.528109100
Acyl-CoA_ox_N	1	117	1.000000000
adh_short_C2	1	238	0.994508100
AF1Q	1	65	1.000000000
Afaf	1	198	1.000000000
AFG1_ATPase	1	296	0.956285500
Agenet	1	67	1.000000000
Agouti	1	90	1.000000000
AICARFT_IMPCHas	1	328	0.890150700
AIF-MLS	1	180	1.000000000
AlaDh_PNT_N	1	131	1.000000000
Ald_Xan_dh_C	1	107	1.000000000
Alpha-2-MRAP_C	1	214	1.000000000
Alpha-mann_mid	1	87	1.000000000
AMH_N	1	367	0.821557300
Amidinotransf	1	178	1.000000000
Amidohydro_5	1	85	1.000000000
AMOP	1	146	1.000000000
APC2	1	61	1.000000000
APG12	1	87	1.000000000
APS_kinase	1	159	1.000000000
Apyrase	1	289	0.972198300
Arginase	1	301	0.945260800
ARHGEF5_35	1	138	1.000000000
ARS2	1	218	1.000000000
ASD1	1	184	1.000000000
ASD2	1	294	0.960774000
Asp_Arg_Hydrox	1	92	1.000000000
AstE_AspA	1	292	0.965308600
ATAD4	1	83	1.000000000
ATE_C	1	145	1.000000000
ATP_bind_3	1	198	1.000000000
ATP11	1	242	0.993417700
ATP-synt_ab_N	1	63	1.000000000
ATP-synt_D	1	72	1.000000000
ATP-synt_S1	1	406	0.763854600
Atx10homo_assoc	1	101	1.000000000
Autophagy_act_C	1	69	1.000000000
Autophagy_N	1	187	1.000000000
Avl9	1	505	0.649825900
B12D	1	72	1.000000000
BBS2_C	1	279	0.984470200
BC10	1	65	1.000000000
BCLP	1	193	1.000000000
Bclx_interact	1	37	0.466174800
BCNT	1	79	1.000000000
BCS1_N	1	169	1.000000000
BDV_P40	1	210	1.000000000
Bile_Hydr_Trans	1	133	1.000000000
Bin3	1	94	1.000000000
BioT2	1	170	1.000000000
BolA	1	77	1.000000000
BPL_C	1	50	0.845989600
BRI3BP	1	179	1.000000000
BSMAP	1	206	1.000000000
Btz	1	108	1.000000000
Bud13	1	144	1.000000000
Bystin	1	301	0.945260800
bZIP_2	1	54	0.946561000
C2-set	1	89	1.000000000
CAF-1_p150	1	214	1.000000000
CAF-1_p60_C	1	178	1.000000000
CAF1A	1	79	1.000000000
CAF1-p150_C2	1	292	0.965308600
CAF1-p150_N	1	229	0.997065300
Calc_CGRP_IAPP	1	68	1.000000000
Calcyon	1	170	1.000000000
CAP_C	1	154	1.000000000
CAP_N	1	302	0.943088700
CARM1	1	114	1.000000000
Cas1_AcylT	1	492	0.662808900
Catalase-rel	1	68	1.000000000
Cauli_VI	1	45	0.707505600
CBM_14	1	47	0.765536500
CBM_20	1	99	1.000000000
CCDC66	1	159	1.000000000
CD4-extracel	1	112	1.000000000
CDC37_N	1	80	1.000000000
CDC45	1	549	0.609801700
CDO_I	1	170	1.000000000
CDRT4	1	138	1.000000000
Cementoin	1	17	0.012102210
CENP_C_N	1	286	0.979196300
CENP-F_C_Rb_bdg	1	49	0.819975900
CENP-F_leu_zip	1	140	1.000000000
CENP-M	1	174	1.000000000
CENP-Q	1	151	1.000000000
CENP-S	1	60	1.000000000
Cep57_MT_bd	1	76	1.000000000
ChaC	1	174	1.000000000
CHAT	1	324	0.897878300
CHCH	1	35	0.405653800
CIA30	1	174	1.000000000
Cid2	1	133	1.000000000
CK_II_beta	1	184	1.000000000
CK1gamma_C	1	58	1.000000000
CLAMP	1	91	1.000000000
Cmc1	1	71	1.000000000
Cnd2	1	708	0.507650100
CNRIP1	1	118	1.000000000
CNTF	1	199	1.000000000
CO_deh_flav_C	1	105	1.000000000
Coatomer_E	1	291	0.967593400
Cob_adeno_trans	1	171	1.000000000
COBRA1	1	475	0.680584600
Coiled-coil_56	1	71	1.000000000
Colipase	1	40	0.557318600
Complex1_49kDa	1	271	0.986248400
Complex1_51K	1	173	1.000000000
Complex1_LYR_2	1	102	1.000000000
COP-gamma_platf	1	152	1.000000000
Cor1	1	127	1.000000000
CortBP2	1	46	0.736994300
Costars	1	77	1.000000000
COX14	1	56	0.992754500
COX15-CtaA	1	307	0.932388200
COX4	1	143	1.000000000
CPSase_sm_chain	1	139	1.000000000
CPSF_A	1	322	0.901795800
CPSF73-100_C	1	207	1.000000000
CReP_N	1	411	0.757123600
CRM1_C	1	319	0.907741300
Crystallin	1	64	1.000000000
CtaG_Cox11	1	152	1.000000000
CTD	1	167	1.000000000
CTNNBL	1	111	1.000000000
CTP_synth_N	1	282	0.983822900
CTP_transf_1	1	331	0.884447300
CUE	1	42	0.619942900
Cullin_binding	1	115	1.000000000
Cu-oxidase_4	1	235	0.995344200
Cupin_4	1	314	0.917839000
Cyt-b5	1	76	1.000000000
CYTH	1	193	1.000000000
DAG1	1	290	0.969889900
DASH_Hsk3	1	47	0.765536500
DBB	1	131	1.000000000
DBINO	1	78	1.000000000
DDT	1	63	1.000000000
Defensin_propep	1	38	0.497753400
DHH	1	136	1.000000000
Dicer_dimer	1	93	1.000000000
Dickkopf_N	1	52	0.897726500
DIE2_ALG10	1	400	0.772098000
DKCLD	1	59	1.000000000
DNA_gyraseB	1	165	1.000000000
DNA_pol_A	1	285	0.981553500
DNA_pol_delta_4	1	74	1.000000000
DNA_primase_lrg	1	267	0.987167300
DNase_II	1	331	0.884447300
DPCD	1	194	1.000000000
Dpy-30	1	42	0.619942900
DS	1	315	0.915800200
DUF1032	1	555	0.605165200
DUF1168	1	121	1.000000000
DUF1211	1	98	1.000000000
DUF1241	1	153	1.000000000
DUF1325	1	133	1.000000000
DUF1352	1	183	1.000000000
DUF1356	1	245	0.992617400
DUF1604	1	89	1.000000000
DUF1649	1	167	1.000000000
DUF167	1	67	1.000000000
DUF1875	1	84	1.000000000
DUF1907	1	152	1.000000000
DUF1977	1	109	1.000000000
DUF1992	1	108	1.000000000
DUF2012	1	95	1.000000000
DUF2043	1	111	1.000000000
DUF2046	1	340	0.867792000
DUF2052	1	175	1.000000000
DUF2053	1	157	1.000000000
DUF2075	1	139	1.000000000
DUF2151	1	223	0.998855400
DUF2216	1	210	1.000000000
DUF2228	1	252	0.990806100
DUF2233	1	196	1.000000000
DUF2305	1	173	1.000000000
DUF2347	1	268	0.986935700
DUF2352	1	473	0.682738500
DUF2353	1	313	0.919887500
DUF2362	1	512	0.643040700
DUF2369	1	285	0.981553500
DUF2372	1	88	1.000000000
DUF2453	1	111	1.000000000
DUF2454	1	252	0.990806100
DUF2464	1	241	0.993687800
DUF2477	1	141	1.000000000
DUF2678	1	118	1.000000000
DUF2781	1	156	1.000000000
DUF2870	1	116	1.000000000
DUF2962	1	161	1.000000000
DUF3028	1	589	0.580244900
DUF303	1	278	0.984688200
DUF3166	1	97	1.000000000
DUF3338	1	138	1.000000000
DUF3361	1	168	1.000000000
DUF3395	1	140	1.000000000
DUF3449	1	180	1.000000000
DUF3524	1	167	1.000000000
DUF3546	1	114	1.000000000
DUF3554	1	344	0.860600600
DUF3652	1	43	0.649828400
DUF3699	1	75	1.000000000
DUF3715	1	169	1.000000000
DUF4074	1	66	1.000000000
DUF4201	1	177	1.000000000
DUF4211	1	149	1.000000000
DUF4217	1	64	1.000000000
DUF4463	1	71	1.000000000
DUF4496	1	89	1.000000000
DUF4500	1	43	0.649828400
DUF4504	1	251	0.991060200
DUF4507	1	382	0.798016900
DUF4513	1	132	1.000000000
DUF4517	1	75	1.000000000
DUF4525	1	139	1.000000000
DUF4526	1	235	0.995344200
DUF4530	1	111	1.000000000
DUF4540	1	130	1.000000000
DUF4547	1	196	1.000000000
DUF4548	1	166	1.000000000
DUF4553	1	471	0.684906200
DUF4554	1	452	0.706212100
DUF4555	1	284	0.983397100
DUF4559	1	196	1.000000000
DUF4562	1	116	1.000000000
DUF4563	1	177	1.000000000
DUF4577	1	131	1.000000000
DUF4579	1	186	1.000000000
DUF4580	1	168	1.000000000
DUF4581	1	128	1.000000000
DUF4582	1	172	1.000000000
DUF4586	1	155	1.000000000
DUF4588	1	251	0.991060200
DUF4590	1	116	1.000000000
DUF4591	1	123	1.000000000
DUF4597	1	56	0.992754500
DUF4598	1	110	1.000000000
DUF4604	1	148	1.000000000
DUF4607	1	265	0.987634600
DUF4610	1	198	1.000000000
DUF4615	1	121	1.000000000
DUF4616	1	537	0.619900900
DUF4617	1	1071	0.449177000
DUF4631	1	431	0.731381100
DUF4638	1	264	0.987870200
DUF4645	1	294	0.960774000
DUF4659	1	372	0.813552600
DUF498	1	72	1.000000000
DUF525	1	93	1.000000000
DUF543	1	56	0.992754500
DUF544	1	126	1.000000000
DUF59	1	75	1.000000000
DUF605	1	171	1.000000000
DUF619	1	166	1.000000000
DUF667	1	192	1.000000000
DUF716	1	125	1.000000000
DUF758	1	184	1.000000000
DUF773	1	171	1.000000000
DUF776	1	183	1.000000000
DUF778	1	118	1.000000000
DUF781	1	328	0.890150700
DUF866	1	160	1.000000000
Dynactin	1	280	0.984253300
Dynactin_p22	1	57	1.000000000
EAF	1	55	0.969972800
EAP30	1	167	1.000000000
EB1	1	40	0.557318600
ECSIT	1	229	0.997065300
EFG_C	1	90	1.000000000
EFG_IV	1	107	1.000000000
efThoc1	1	159	1.000000000
EGF_3	1	37	0.466174800
eIF2_C	1	75	1.000000000
EIF4E-T	1	441	0.719171700
ELFV_dehydrog	1	214	1.000000000
EMG1	1	176	1.000000000
EMI	1	71	1.000000000
EndIII_4Fe-2S	1	17	0.012102210
Enolase_N	1	108	1.000000000
Epiglycanin_TR	1	53	0.922489500
Erf4	1	113	1.000000000
ERK-JNK_inhib	1	61	1.000000000
ETAA1	1	267	0.987167300
ETF_QO	1	110	1.000000000
Evr1_Alr	1	94	1.000000000
EXS	1	352	0.846586900
F_actin_cap_B	1	225	0.998250800
F420_oxidored	1	97	1.000000000
FA_hydroxylase	1	112	1.000000000
FAA_hydrolase_N	1	104	1.000000000
FAD_binding_7	1	277	0.984907500
FAD_binding_8	1	104	1.000000000
FAM194	1	210	1.000000000
FAM217	1	233	0.995910500
FAM24	1	73	1.000000000
FAM72	1	149	1.000000000
FAM91_C	1	414	0.753143700
FAM91_N	1	307	0.932388200
FAM92	1	215	1.000000000
Fanconi_A	1	64	1.000000000
Fanconi_C	1	467	0.689283500
FAST_2	1	93	1.000000000
FBPase	1	324	0.897878300
Fcf1	1	75	1.000000000
Fe-ADH	1	252	0.990806100
FEZ	1	243	0.993149300
Fibrillarin	1	227	0.997654100
Fic	1	98	1.000000000
FISNA	1	72	1.000000000
Foie-gras_1	1	260	0.988826200
FoP_duplication	1	75	1.000000000
Fructosamin_kin	1	308	0.930279300
FSA_C	1	605	0.569251300
FSIP1	1	394	0.780528900
FtsH_ext	1	97	1.000000000
FXR1P_C	1	108	1.000000000
FYTT	1	176	1.000000000
GAGE	1	111	1.000000000
Gal_mutarotas_2	1	67	1.000000000
GATase_5	1	272	0.986021800
GatB_Yqey	1	150	1.000000000
Gcd10p	1	279	0.984470200
Gemin6	1	167	1.000000000
GEMIN8	1	230	0.996773800
GFA	1	88	1.000000000
GFO_IDH_MocA_C	1	79	1.000000000
GIDE	1	163	1.000000000
Gln-synt_C	1	247	0.992092100
GLTP	1	154	1.000000000
Glutaredoxin	1	63	1.000000000
Glu-tRNAGln	1	69	1.000000000
Gly_acyl_tr_C	1	89	1.000000000
Gly_acyl_tr_N	1	68	1.000000000
Gly_transf_sug	1	125	1.000000000
Glyco_hydro_30	1	494	0.660778100
GMC_oxred_N	1	299	0.949637500
GN3L_Grn1	1	78	1.000000000
GOLD_2	1	140	1.000000000
Golgin_A5	1	482	0.673151300
Got1	1	121	1.000000000
Gp_dh_C	1	158	1.000000000
Gp_dh_N	1	149	1.000000000
GrpE	1	183	1.000000000
GSK-3_bind	1	240	0.993959500
GTF2I	1	76	1.000000000
Guanylate_cyc_2	1	216	1.000000000
HABP4_PAI-RBP1	1	85	1.000000000
HAND	1	99	1.000000000
HARP	1	55	0.969972800
HAUS-augmin3	1	256	0.989804500
Hemerythrin	1	133	1.000000000
Hepcidin	1	52	0.897726500
Hepsin-SRCR	1	65	1.000000000
HGTP_anticodon	1	92	1.000000000
HHH_5	1	99	1.000000000
Hid1	1	785	0.469753800
HIG_1_N	1	54	0.946561000
HMG_CoA_synt_C	1	283	0.983609500
Homeobox_KN	1	40	0.557318600
Hormone_2	1	28	0.205566700
Hox9_act	1	193	1.000000000
HpcH_HpaI	1	229	0.997065300
HPS3_Mid	1	389	0.787703100
HPS3_N	1	211	1.000000000
Hrs_helical	1	96	1.000000000
HSD3	1	361	0.831381800
HTH_44	1	138	1.000000000
HTH_Tnp_1	1	53	0.922489500
Hydrolase_like	1	84	1.000000000
ICAT	1	81	1.000000000
IF-2	1	110	1.000000000
IF3_N	1	75	1.000000000
IGFL	1	91	1.000000000
IKKbetaNEMObind	1	38	0.497753400
IL10	1	164	1.000000000
IL15	1	140	1.000000000
IL3	1	118	1.000000000
IL31	1	136	1.000000000
IL34	1	163	1.000000000
IL4	1	125	1.000000000
IL4Ra_N	1	95	1.000000000
IL5	1	113	1.000000000
IL7	1	146	1.000000000
Img2	1	86	1.000000000
Inos-1-P_synth	1	114	1.000000000
INSIG	1	184	1.000000000
Integrin_alpha	1	15	0.003394832
INTS5_N	1	226	0.997951500
Ion_trans_N	1	77	1.000000000
IPPT	1	200	1.000000000
IR1-M	1	63	1.000000000
IRF-3	1	180	1.000000000
IRK_N	1	45	0.707505600
ISK_Channel	1	72	1.000000000
Isochorismatase	1	49	0.819975900
K1377	1	977	0.449177000
KBP_C	1	370	0.816735000
Kelch_5	1	39	0.528109100
ketoacyl-synt	1	239	0.994233000
KOG2701	1	182	1.000000000
KTI12	1	201	1.000000000
Ku	1	204	1.000000000
Ku_C	1	91	1.000000000
Ku_N	1	236	0.995063700
L27_N	1	49	0.819975900
L51_S25_CI-B8	1	52	0.897726500
LAP2alpha	1	234	0.995626400
LAT	1	231	0.996484100
LELP1	1	96	1.000000000
LEP503	1	61	1.000000000
Lgl_C	1	260	0.988826200
LicD	1	50	0.845989600
LIF_OSM	1	160	1.000000000
LIME1	1	144	1.000000000
LINES_N	1	69	1.000000000
LIX1	1	252	0.990806100
LLC1	1	120	1.000000000
LNP1	1	169	1.000000000
LOH1CR12	1	126	1.000000000
LTV	1	439	0.721580100
Lyase_aromatic	1	479	0.676317100
MA3	1	114	1.000000000
Macoilin	1	385	0.793542800
Maelstrom	1	201	1.000000000
Mago_nashi	1	143	1.000000000
MAGUK_N_PEST	1	84	1.000000000
MaoC_dehydratas	1	122	1.000000000
MAP65_ASE1	1	579	0.587346100
MAS20	1	121	1.000000000
MDFI	1	191	1.000000000
Med1	1	397	0.776289400
Med10	1	120	1.000000000
Med17	1	455	0.702759600
Med27	1	85	1.000000000
Med7	1	160	1.000000000
Met_10	1	222	0.999160800
Methyltransf_22	1	231	0.996484100
Methyltransf_3	1	161	1.000000000
MgsA_C	1	154	1.000000000
MHC_II_beta	1	75	1.000000000
MIB_HERC2	1	68	1.000000000
Mic1	1	167	1.000000000
Microcephalin	1	384	0.795016900
MIG-14_Wnt-bd	1	298	0.951842300
MIS13	1	281	0.984037500
Mis14	1	67	1.000000000
mit_SMPDase	1	39	0.528109100
Mlf1IP	1	178	1.000000000
MMS1_N	1	472	0.683820800
MMS19_C	1	431	0.731381100
Mo25	1	335	0.876962100
MoaE	1	117	1.000000000
Mod_r	1	150	1.000000000
MoeZ_MoeB	1	87	1.000000000
Mog1	1	141	1.000000000
Motilin_ghrelin	1	28	0.205566700
MPP6	1	97	1.000000000
MRAP	1	89	1.000000000
MRL1	1	153	1.000000000
MRP_L53	1	52	0.897726500
MRP-S22	1	243	0.993149300
MRP-S27	1	413	0.754465500
Mtp	1	207	1.000000000
muHD	1	261	0.988585100
MutL_C	1	148	1.000000000
MutS_I	1	120	1.000000000
Myb_DNA-binding	1	45	0.707505600
Myc_target_1	1	187	1.000000000
MYEOV2	1	68	1.000000000
Myf5	1	72	1.000000000
N2227	1	266	0.987400300
N6-adenineMlase	1	179	1.000000000
Na_Pi_cotrans	1	145	1.000000000
NAD_binding_10	1	114	1.000000000
NAD_binding_11	1	128	1.000000000
NAD_binding_8	1	64	1.000000000
NAD_Gly3P_dh_C	1	151	1.000000000
NAD_kinase	1	255	0.990052700
NADH_4Fe-4S	1	46	0.736994300
NAGLU_C	1	262	0.988345500
NARG2_C	1	214	1.000000000
NatB_MDM20	1	396	0.777697200
NB-ARC	1	286	0.979196300
NCD2	1	168	1.000000000
NDUF_B5	1	189	1.000000000
NDUF_B7	1	66	1.000000000
NDUFB10	1	127	1.000000000
Ndufs5	1	96	1.000000000
Neurokinin_B	1	55	0.969972800
Neuropeptide_S	1	65	1.000000000
NFRKB_winged	1	100	1.000000000
Nfu_N	1	88	1.000000000
Nic96	1	603	0.570601600
Ninjurin	1	104	1.000000000
NMT	1	160	1.000000000
NnrU	1	168	1.000000000
NOA36	1	313	0.919887500
NOC3p	1	98	1.000000000
Nop10p	1	51	0.872238700
NOPS	1	29	0.232470100
NosD	1	176	1.000000000
Notch	1	37	0.466174800
NPBW	1	84	1.000000000
NPR2	1	379	0.802613000
Nramp	1	386	0.792074300
N-SET	1	141	1.000000000
NUC130_3NT	1	52	0.897726500
NUC153	1	30	0.258016100
Nucleoside_tran	1	153	1.000000000
NUDIX_2	1	188	1.000000000
NUFIP2	1	601	0.571958400
NUT_C	1	142	1.000000000
NUT_N	1	325	0.895932900
NYAP_C	1	311	0.924014200
OAF	1	239	0.994233000
Oest_recep	1	140	1.000000000
OMPdecase	1	215	1.000000000
Orai-1	1	189	1.000000000
ORC4_C	1	192	1.000000000
ORC6	1	91	1.000000000
Orexin	1	131	1.000000000
ORMDL	1	136	1.000000000
Orn_DAP_Arg_deC	1	125	1.000000000
Osteoregulin	1	181	1.000000000
OSTMP1	1	247	0.992092100
OTCace_N	1	143	1.000000000
Oxidored_molyb	1	181	1.000000000
Oxidored_q6	1	105	1.000000000
p31comet	1	266	0.987400300
P33MONOX	1	292	0.965308600
P34-Arc	1	231	0.996484100
PA28_alpha	1	64	1.000000000
PABP	1	72	1.000000000
PACT_coil_coil	1	80	1.000000000
PADR1	1	54	0.946561000
PAG	1	432	0.730141200
Palm_thioest	1	230	0.996773800
PAM2	1	18	0.019608400
PAP_assoc	1	54	0.946561000
PAPS_reduct	1	93	1.000000000
Paralemmin	1	332	0.882563400
ParBc	1	92	1.000000000
Pax2_C	1	115	1.000000000
PAXNEB	1	398	0.774887100
PBP_sp32	1	240	0.993959500
PCNA_C	1	128	1.000000000
PCNA_N	1	125	1.000000000
PCRF	1	116	1.000000000
PDCD2_C	1	173	1.000000000
PDCD9	1	334	0.878820800
Pep3_Vps18	1	146	1.000000000
Peptidase_C1_2	1	447	0.712043500
Peptidase_C97	1	145	1.000000000
Peptidase_M17_N	1	133	1.000000000
Peptidase_M22	1	307	0.932388200
Peptidase_M23	1	98	1.000000000
Period_C	1	200	1.000000000
PG_binding_1	1	59	1.000000000
PGM_PMM_III	1	77	1.000000000
PH_3	1	103	1.000000000
PHF5	1	106	1.000000000
Phospholamban	1	52	0.897726500
Phostensin	1	113	1.000000000
PIG-L	1	96	1.000000000
Pinin_SDK_N	1	118	1.000000000
Pirin	1	98	1.000000000
PIRT	1	125	1.000000000
PITH	1	147	1.000000000
PK_C	1	121	1.000000000
PLAC	1	33	0.343891400
PLC-beta_C	1	194	1.000000000
PMT_2	1	181	1.000000000
PNPase	1	82	1.000000000
Podoplanin	1	162	1.000000000
PolyA_pol	1	124	1.000000000
Polyketide_cyc	1	130	1.000000000
POP1	1	77	1.000000000
PP1_bind	1	63	1.000000000
PPTA	1	31	0.287778400
PQ-loop	1	27	0.180000300
PRCC	1	186	1.000000000
Prefoldin_2	1	79	1.000000000
Preseq_ALAS	1	79	1.000000000
PRKCSH_1	1	151	1.000000000
PrmA	1	91	1.000000000
PROCN	1	409	0.759801200
Profilin	1	130	1.000000000
ProSAAS	1	190	1.000000000
PRP38_assoc	1	98	1.000000000
PRP8_domainIV	1	231	0.996484100
PseudoU_synth_1	1	107	1.000000000
PseudoU_synth_2	1	148	1.000000000
PSP94	1	82	1.000000000
PTCRA	1	154	1.000000000
PTPA	1	299	0.949637500
PUA_2	1	162	1.000000000
PUF	1	32	0.316240000
PurA	1	249	0.991573000
PXA	1	177	1.000000000
QRPTase_C	1	171	1.000000000
R3H	1	90	1.000000000
R3H-assoc	1	137	1.000000000
Rab15_effector	1	236	0.995063700
RAB3GAP2_C	1	604	0.569925600
Rad4	1	132	1.000000000
RAG2_PHD	1	78	1.000000000
RasGAP_C	1	126	1.000000000
RBM39linker	1	85	1.000000000
Rep_fac-A_C	1	110	1.000000000
Requiem_N	1	74	1.000000000
ResIII	1	172	1.000000000
Resistin	1	90	1.000000000
Ret_tiss	1	95	1.000000000
RFamide_26RFa	1	134	1.000000000
RFC1	1	154	1.000000000
RFXA_RFXANK_bdg	1	130	1.000000000
RHIM	1	53	0.922489500
RHINO	1	131	1.000000000
Rho_GDI	1	201	1.000000000
Rib_5-P_isom_A	1	178	1.000000000
Rib_hydrolayse	1	241	0.993687800
Ribonuc_2-5A	1	127	1.000000000
Ribophorin_I	1	429	0.733874200
Ribosomal_L13	1	117	1.000000000
Ribosomal_L13e	1	179	1.000000000
Ribosomal_L16	1	163	1.000000000
Ribosomal_L18e	1	135	1.000000000
Ribosomal_L19	1	74	1.000000000
Ribosomal_L2_C	1	107	1.000000000
Ribosomal_L27	1	91	1.000000000
Ribosomal_L27e	1	85	1.000000000
Ribosomal_L28e	1	117	1.000000000
Ribosomal_L39	1	43	0.649828400
Ribosomal_L9_N	1	48	0.793181700
Ribosomal_S19e	1	140	1.000000000
Ribosomal_S21	1	56	0.992754500
Ribosomal_S26e	1	114	1.000000000
Ribosomal_S5_C	1	74	1.000000000
Ribosomal_S6e	1	127	1.000000000
Ribosomal_S7	1	156	1.000000000
Ribul_P_3_epim	1	199	1.000000000
Rif1_N	1	358	0.836386400
RILP	1	60	1.000000000
RimK	1	186	1.000000000
RINT1_TIP1	1	482	0.673151300
RLL	1	244	0.992882500
RNA_GG_bind	1	87	1.000000000
RNA_pol_L_2	1	77	1.000000000
RNA_pol_Rpb1_3	1	176	1.000000000
RNA_pol_Rpb2_3	1	66	1.000000000
RNA_pol_Rpb2_4	1	63	1.000000000
RNase_H	1	146	1.000000000
RNase_Zc3h12a	1	157	1.000000000
Rod_cone_degen	1	54	0.946561000
Rogdi_lz	1	260	0.988826200
Rootletin	1	179	1.000000000
Rotamase	1	105	1.000000000
RPAP3_C	1	96	1.000000000
Rpn3_C	1	68	1.000000000
RQC	1	118	1.000000000
RRM_3	1	104	1.000000000
RSN1_TM	1	128	1.000000000
Rtt106	1	91	1.000000000
Rubis-subs-bind	1	133	1.000000000
S10_plectin	1	98	1.000000000
SAA	1	62	1.000000000
S-AdoMet_synt_C	1	138	1.000000000
SAE2	1	65	1.000000000
SAGA-Tad1	1	193	1.000000000
SAICAR_synt	1	245	0.992617400
SAP	1	35	0.405653800
SapB_2	1	35	0.405653800
SAYSvFN	1	73	1.000000000
SBDS	1	91	1.000000000
Sclerostin	1	210	1.000000000
Sec2p	1	108	1.000000000
Sec3_C	1	703	0.510324000
Sec5	1	180	1.000000000
SecE	1	57	1.000000000
Secretogranin_V	1	202	1.000000000
Securin	1	182	1.000000000
Sedlin_N	1	107	1.000000000
Selenoprotein_S	1	187	1.000000000
Sen15	1	102	1.000000000
Sep15_SelM	1	77	1.000000000
Ser_hydrolase	1	177	1.000000000
SFTA2	1	59	1.000000000
SGIII	1	453	0.705057500
Shal-type	1	29	0.232470100
SHIPPO-rpt	1	31	0.287778400
Shugoshin_C	1	26	0.155979600
Sin_N	1	431	0.731381100
Sin3_corepress	1	101	1.000000000
SIT	1	110	1.000000000
Slu7	1	275	0.985349600
SLX9	1	126	1.000000000
Smac_DIABLO	1	234	0.995626400
SnAPC_2_like	1	334	0.878820800
Snapin_Pallidin	1	90	1.000000000
SNN_transmemb	1	33	0.343891400
SOBP	1	160	1.000000000
Sod_Fe_C	1	108	1.000000000
Sod_Fe_N	1	82	1.000000000
Sox_C_TAD	1	216	1.000000000
Sox_N	1	75	1.000000000
SP_C-Propep	1	93	1.000000000
SPA	1	111	1.000000000
SPACA7	1	108	1.000000000
SPATA6	1	140	1.000000000
Spc24	1	68	1.000000000
SPOC	1	137	1.000000000
Spot_14	1	182	1.000000000
Spt4	1	78	1.000000000
Spt5_N	1	98	1.000000000
SPX	1	176	1.000000000
SRF-TF	1	51	0.872238700
SRP14	1	91	1.000000000
SRP19	1	51	0.872238700
SRP54	1	220	0.999777800
SRP-alpha_N	1	278	0.984688200
SSrecog	1	212	1.000000000
Ssu72	1	191	1.000000000
STAT2_C	1	56	0.992754500
STOP	1	171	1.000000000
SURF6	1	217	1.000000000
Sushi_2	1	85	1.000000000
SVA	1	124	1.000000000
SWIRM	1	90	1.000000000
Symplekin_C	1	183	1.000000000
Syncollin	1	112	1.000000000
Syndecan	1	66	1.000000000
Syntaxin-18_N	1	94	1.000000000
SYS1	1	74	1.000000000
TACC	1	200	1.000000000
TAF	1	66	1.000000000
TAF1D	1	218	1.000000000
TAFII55_N	1	167	1.000000000
Takusan	1	88	1.000000000
Tankyrase_bdg_C	1	173	1.000000000
Tantalus	1	40	0.557318600
Tau95	1	300	0.947443700
Taxilin	1	313	0.919887500
TBCC	1	118	1.000000000
Tbf5	1	70	1.000000000
TC1	1	79	1.000000000
Tcf25	1	78	1.000000000
Tcp10_C	1	179	1.000000000
TCRP1	1	195	1.000000000
Tctex-1	1	101	1.000000000
Ten1_2	1	117	1.000000000
TEX15	1	213	1.000000000
TF_Otx	1	103	1.000000000
Tfb2	1	354	0.843157900
Tfb4	1	176	1.000000000
TFIID_30kDa	1	51	0.872238700
TFIIF_beta	1	144	1.000000000
TGS	1	44	0.678688600
Thiol-ester_cl	1	31	0.287778400
Thioredox_DsbH	1	163	1.000000000
Thioredoxin_8	1	116	1.000000000
Thymidylat_synt	1	284	0.983397100
Thymosin	1	41	0.588970400
TIMELESS_C	1	480	0.675258500
TIR_2	1	116	1.000000000
TLV_coat	1	266	0.987400300
TMEM101	1	252	0.990806100
TMEM187	1	239	0.994233000
TMEM210	1	116	1.000000000
TMEM219	1	249	0.991573000
TMEM37	1	182	1.000000000
Tmemb_9	1	123	1.000000000
Tnp_zf-ribbon_2	1	37	0.466174800
TOH_N	1	22	0.072057110
Topoisom_I_N	1	215	1.000000000
TP1	1	54	0.946561000
TP2	1	136	1.000000000
TPD	1	140	1.000000000
TPK_catalytic	1	134	1.000000000
TPP_enzyme_N	1	170	1.000000000
TPR_MLP1_2	1	132	1.000000000
TRADD_N	1	111	1.000000000
Transaldolase	1	303	0.940927400
Transcrip_reg	1	237	0.994785100
Transketolase_C	1	123	1.000000000
TRAP_alpha	1	290	0.969889900
TRAP-gamma	1	172	1.000000000
TRAPP	1	153	1.000000000
Trefoil	1	41	0.588970400
Treslin_N	1	798	0.463903100
TRM13	1	306	0.934507300
tRNA_anti-codon	1	84	1.000000000
tRNA_bind	1	97	1.000000000
tRNA-synt_1c_C	1	161	1.000000000
TROVE	1	354	0.843157900
Trp_dioxygenase	1	347	0.855288700
Trypsin_2	1	139	1.000000000
TSC21	1	180	1.000000000
Tsg	1	140	1.000000000
TSGA13	1	273	0.985796500
TSSC4	1	93	1.000000000
Tubulin_3	1	194	1.000000000
U1snRNP70_N	1	95	1.000000000
UAA	1	316	0.913771200
UBA_e1_C	1	123	1.000000000
UbiA	1	261	0.988585100
Ubie_methyltran	1	270	0.986476200
Ubiq_cyt_C_chap	1	141	1.000000000
UDPG_MGDP_dh_C	1	116	1.000000000
Ufd2P_core	1	644	0.544192400
UIM	1	18	0.019608400
UME	1	107	1.000000000
UNC-93	1	81	1.000000000
UPF0004	1	104	1.000000000
UPF0061	1	550	0.609023700
UPF0121	1	247	0.992092100
UPF0139	1	55	0.969972800
UPF0160	1	323	0.899832500
UPF0240	1	175	1.000000000
UPF0546	1	116	1.000000000
UPF0731	1	79	1.000000000
Upf2	1	206	1.000000000
URO-D	1	347	0.855288700
USP8_interact	1	179	1.000000000
Utp12	1	107	1.000000000
Utp13	1	136	1.000000000
Utp21	1	227	0.997654100
UvrD_C_2	1	153	1.000000000
VASP_tetra	1	40	0.557318600
vATP-synt_AC39	1	335	0.876962100
Vert_IL3-reg_TF	1	333	0.880687800
Vg_Tdu	1	33	0.343891400
VIGSSK	1	59	1.000000000
VKG_Carbox	1	440	0.720374000
VKOR	1	146	1.000000000
Vps16_N	1	417	0.749206700
Vps35	1	741	0.490686300
Vps51	1	82	1.000000000
VRR_NUC	1	116	1.000000000
WD-3	1	224	0.998552100
WH2	1	23	0.090195540
WRW	1	39	0.528109100
WSC	1	80	1.000000000
Xin	1	16	0.006785331
XPG_I_2	1	278	0.984688200
XRN_N	1	255	0.990052700
YhhN	1	188	1.000000000
YjeF_N	1	167	1.000000000
YqgF	1	157	1.000000000
YTH	1	139	1.000000000
zf-AN1	1	42	0.619942900
zf-C2H2_7	1	54	0.946561000
zf-C5HC2	1	55	0.969972800
zf-CCHH	1	26	0.155979600
zf-CHY	1	75	1.000000000
zf-CpG_bind_C	1	237	0.994785100
zf-Di19	1	54	0.946561000
zf-rbx1	1	75	1.000000000
Zfx_Zfy_act	1	342	0.864180600