Pfam_domain	Snp_count	Domain_length	locfdr
P53	542	543	0.000000000
zf-H2C2_2	418	7055	0.004693862
Cadherin	343	14346	0.467957500
Iso_dh	323	926	0.000000000
fn3	315	11637	0.335068600
Pkinase	313	36103	1.000000000
I-set	293	10892	0.341337700
7tm_1	262	39419	1.000000000
G-alpha	233	3550	0.001394453
7tm_4	198	19531	1.000000000
Pkinase_Tyr	169	16188	1.000000000
Ank_2	164	7244	0.533121000
Collagen	146	4504	0.188361500
Ion_trans	146	14055	1.000000000
Ig_2	123	5494	0.546236400
Spectrin	119	5247	0.531030200
Trypsin	111	10813	1.000000000
Sushi	101	2979	0.160584500
Myosin_head	100	21379	1.000000000
PDZ	95	3744	0.403131400
V-set	94	5405	0.872789200
p450	86	18198	1.000000000
PNP_UDP_1	85	636	0.000000000
C2	80	3695	0.586679100
CUB	78	3875	0.681155200
PH	78	3742	0.636312500
ANF_receptor	75	8827	1.000000000
Ras	74	5258	1.000000000
AMP-binding	71	9732	1.000000000
MFS_1	71	14116	1.000000000
WD40	71	1952	0.120726400
VWA	70	5561	1.000000000
Y_phosphatase	66	5410	1.000000000
UCH	62	13027	1.000000000
LRR_8	61	2196	0.312506100
RRM_1	58	2337	0.426088300
Sugar_tr	56	9064	1.000000000
EGF_CA	54	1422	0.100417900
TSP_1	54	1721	0.212407500
ABC_tran	52	3956	1.000000000
Filament	50	10109	1.000000000
Hormone_recep	49	2802	0.865675200
LIM	48	1268	0.101921900
RhoGEF	48	3760	1.000000000
ABC_membrane	47	6109	1.000000000
DEAD	47	3760	1.000000000
KRAB	47	1256	0.107396800
Myosin_tail_1	47	9995	1.000000000
Mito_carr	44	2332	0.765669800
SNF2_N	44	5305	1.000000000
BTB	42	2785	1.000000000
Pro-rich	42	917	0.036458370
EF-hand_7	41	1853	0.559973300
Peptidase_M14	41	4056	1.000000000
SNF	41	8388	1.000000000
Serpin	40	6231	1.000000000
SET	39	2157	0.822237300
Ank	38	560	0.000943791
Lectin_C	38	2707	1.000000000
UDPGT	38	4508	1.000000000
E1-E2_ATPase	37	4483	1.000000000
Keratin_B2_2	36	1086	0.173806200
Laminin_G_2	36	2181	0.923615700
Laminin_EGF	34	1141	0.249734000
RabGAP-TBC	34	3193	1.000000000
Filamin	32	1571	0.666014800
Reprolysin	32	2612	1.000000000
Actin	31	6088	1.000000000
7tm_2	30	4744	1.000000000
Dynein_heavy	30	7714	1.000000000
Kelch_1	30	888	0.162680200
Kinesin	29	5600	1.000000000
Sema	29	6311	1.000000000
SH2	29	1017	0.289338800
Sulfotransfer_1	29	3752	1.000000000
CH	28	1756	0.954399000
HCO3_cotransp	28	3554	1.000000000
Neur_chan_memb	28	2977	1.000000000
Patched	28	2215	1.000000000
PHD	28	553	0.018675140
RB_A	28	653	0.054403850
TAS2R	28	3889	1.000000000
adh_short	27	2771	1.000000000
RasGEF	26	1937	1.000000000
Reticulon	26	1142	0.526488600
TTL	26	2059	1.000000000
Vinculin	26	2563	1.000000000
Gelsolin	25	790	0.206154000
Ldl_recept_a	25	865	0.277316400
Lig_chan	25	2479	1.000000000
SPRY	25	2049	1.000000000
2-Hacid_dh	24	951	0.408780600
Adaptin_N	24	4489	1.000000000
AF-4	24	4100	1.000000000
EGF	24	512	0.032030610
Guanylate_kin	24	972	0.431361000
Integrin_alpha2	24	5390	1.000000000
RhoGAP	24	2286	1.000000000
SEA	24	1493	0.947233600
Anoctamin	23	4471	1.000000000
Nebulin	23	231	0.000000334
AA_permease	22	2555	1.000000000
Aldo_ket_red	22	3390	1.000000000
Homeobox	22	1045	0.623409900
KH_1	22	831	0.358416000
PI-PLC-X	22	924	0.473004900
SRCR	22	1194	0.797314200
Arf	21	2282	1.000000000
COesterase	21	3837	1.000000000
DAO	21	1774	1.000000000
DHC_N1	21	3370	1.000000000
FAM47	21	1025	0.658570000
Glyco_hydro_31	21	3284	1.000000000
HAD	21	4097	1.000000000
HECT	21	2535	1.000000000
Hydrolase	21	3433	1.000000000
Neur_chan_LBD	21	2987	1.000000000
ABC2_membrane_3	20	4468	1.000000000
CD36	20	906	0.562671000
cNMP_binding	20	957	0.632948500
Exo_endo_phos	20	3583	1.000000000
F5_F8_type_C	20	1093	0.806481400
Helicase_C	20	1246	0.948538300
Histone	20	1212	0.923862700
NACHT	20	1878	1.000000000
PAX	20	375	0.012065230
Sterol-sensing	20	309	0.001668966
TPR_11	20	1113	0.830327000
DOCK-C2	19	1144	0.918062800
MHC_I	19	1870	1.000000000
MT	19	3445	1.000000000
Oxysterol_BP	19	2580	1.000000000
Pep_M12B_propep	19	1419	1.000000000
AAA	18	1277	1.000000000
DHC_N2	18	2885	1.000000000
DUF3497	18	900	0.689327000
Frizzled	18	1627	1.000000000
Ig_3	18	1001	0.829411700
Laminin_N	18	1452	1.000000000
MAM	18	1428	1.000000000
Metallophos	18	2127	1.000000000
Peptidase_M1	18	3295	1.000000000
PP2C	18	1716	1.000000000
C1-set	17	790	0.594732900
C2-set_2	17	846	0.683335700
CARD	17	769	0.561007700
Clathrin	17	1291	1.000000000
dsrm	17	424	0.077754990
Gla	17	77	0.000000000
Ion_trans_2	17	628	0.335029200
IRK	17	2507	1.000000000
Ldl_recept_b	17	580	0.264693000
PDEase_I	17	1673	1.000000000
Peptidase_C48	17	611	0.311069000
Pyridoxal_deC	17	1769	1.000000000
SSF	17	3604	1.000000000
Aa_trans	16	2718	1.000000000
Band_3_cyto	16	1235	1.000000000
Bromodomain	16	869	0.798285100
C1q	16	1403	1.000000000
Cadherin_C	16	1293	1.000000000
DAGAT	16	1780	1.000000000
Ferric_reduct	16	759	0.621695500
Fibrinogen_C	16	2072	1.000000000
HSP70	16	4597	1.000000000
IL6Ra-bind	16	288	0.008708045
Lipoxygenase	16	2899	1.000000000
MIP	16	915	0.865761600
Na_H_Exchanger	16	3327	1.000000000
OLF	16	2023	1.000000000
PI3Ka	16	965	0.919586800
PMP22_Claudin	16	1759	1.000000000
RCC1	16	496	0.191984900
RGS	16	1258	1.000000000
SMC_N	16	5580	0.933656800
Tetraspannin	16	2829	1.000000000
Thioredoxin	16	944	0.899670600
ubiquitin	16	599	0.348903400
An_peroxidase	15	3679	1.000000000
Carb_anhydrase	15	2211	1.000000000
COLFI	15	1084	1.000000000
DSPc	15	1210	1.000000000
MAGE	15	1536	1.000000000
MCM	15	1686	1.000000000
Myotub-related	15	2397	1.000000000
Peptidase_C2	15	1891	1.000000000
PMG	15	1494	1.000000000
PX	15	1141	1.000000000
RUN	15	836	0.832285000
SAM_1	15	677	0.558379600
Sulfotransfer_2	15	1744	1.000000000
Zona_pellucida	15	2088	1.000000000
BTB_2	14	975	1.000000000
Cpn60_TCP1	14	3673	1.000000000
DnaJ	14	566	0.429545200
FERM_M	14	1383	1.000000000
Guanylate_cyc	14	1896	1.000000000
MARVEL	14	1021	1.000000000
MBT	14	521	0.342498100
PHTB1_C	14	381	0.115964900
PLAT	14	920	0.995170700
Pyr_redox_2	14	1655	1.000000000
Tektin	14	1887	1.000000000
UQ_con	14	981	1.000000000
zf-C2H2	14	303	0.034789720
Arm	13	282	0.035225040
CNH	13	1408	1.000000000
Cullin	13	2837	1.000000000
FCH	13	561	0.505524800
GKAP	13	705	0.796288800
Glyco_transf_29	13	2937	1.000000000
Lipocalin	13	1336	1.000000000
LON	13	842	0.982633100
MIR	13	471	0.318109700
PI3_PI4_kinase	13	1849	1.000000000
SDF	13	2095	1.000000000
TGFb_propeptide	13	2264	1.000000000
TUDOR	13	1384	1.000000000
zf-B_box	13	329	0.083032490
7tm_3	12	1552	1.000000000
AA_permease_2	12	2923	1.000000000
AAA_8	12	1838	1.000000000
Aldedh	12	2626	1.000000000
Ammonium_transp	12	1834	1.000000000
Cadherin_2	12	676	0.846254700
Cation_ATPase_C	12	975	1.000000000
DEP	12	414	0.274721200
DUF2051	12	666	0.826791200
DUF3451	12	655	0.804868400
ECH	12	1259	1.000000000
Ephrin_lbd	12	1052	1.000000000
FAD_binding_1	12	1121	1.000000000
FHA	12	568	0.618830600
Fork_head	12	659	0.812903800
Gasdermin	12	2030	1.000000000
GDA1_CD39	12	1736	1.000000000
Glycos_transf_2	12	1796	1.000000000
Hexokinase_2	12	960	1.000000000
Lipase	12	1825	1.000000000
Na_sulph_symp	12	2335	1.000000000
PID	12	881	1.000000000
Plectin	12	90	0.000000000
Plexin_cytopl	12	3451	1.000000000
RHD	12	931	1.000000000
RRM_6	12	489	0.437678500
SCAN	12	722	0.917406100
STAG	12	120	0.000000304
Syntaphilin	12	617	0.724673200
TIG	12	932	1.000000000
Tubulin	12	1668	1.000000000
VWD	12	913	1.000000000
wnt	12	2484	1.000000000
A_deamin	11	1409	1.000000000
ADAM_spacer1	11	639	0.885481800
AKAP_110	11	1446	1.000000000
BACK	11	820	1.000000000
BAR	11	1098	1.000000000
CD20	11	1066	1.000000000
CLN5	11	217	0.018525730
CRAL_TRIO_2	11	889	1.000000000
DNA_pol_B	11	1366	1.000000000
FAT	11	842	1.000000000
FH2	11	2630	1.000000000
Glyco_hydro_18	11	1541	1.000000000
Glyco_transf_10	11	1829	1.000000000
GRAM	11	344	0.198475900
Integrin_beta	11	1792	1.000000000
IQ	11	146	0.000191190
Kringle	11	720	0.991751900
MACPF	11	1299	1.000000000
MFS_2	11	1902	1.000000000
Miro	11	622	0.851140200
OATP	11	4162	0.890504700
Peptidase_M2	11	1195	1.000000000
Pro_isomerase	11	1114	1.000000000
PRY	11	228	0.026450000
RA	11	516	0.607064000
RBD	11	348	0.206999700
Spc97_Spc98	11	2452	1.000000000
Stork_head	11	189	0.005565028
Sulfatase	11	3219	1.000000000
TIR	11	1152	1.000000000
tRNA-synt_1	11	2645	1.000000000
Voltage_CLC	11	2479	1.000000000
zf-C2HC	11	169	0.001516211
AAA_5	10	422	0.478737100
ADH_zinc_N	10	947	1.000000000
AIG1	10	1372	1.000000000
ArfGap	10	797	1.000000000
ATP-grasp_2	10	418	0.467231500
CHGN	10	2688	1.000000000
Cyclin_N	10	1008	1.000000000
DEAD_2	10	370	0.336408200
DUF3513	10	803	1.000000000
DUF3608	10	272	0.115718800
EF-hand_8	10	323	0.222182600
HMG_box	10	402	0.423702300
IL8	10	585	0.891907700
IMS	10	447	0.547110100
Mesothelin	10	1658	1.000000000
MYT1	10	696	1.000000000
Neurochondrin	10	608	0.926819400
NMDAR2_C	10	1361	1.000000000
PARP	10	820	1.000000000
PDCD9	10	429	0.498483100
PI3K_C2	10	555	0.826791200
REJ	10	1736	1.000000000
Ricin_B_lectin	10	762	1.000000000
RNase_T	10	596	0.908856800
SH3_2	10	246	0.072736650
SH3_9	10	201	0.020943910
Somatomedin_B	10	134	0.000216282
SWIB	10	272	0.115718800
zf-DHHC	10	716	1.000000000
zf-HC5HC2H	10	344	0.272114600
A_deaminase	9	1874	1.000000000
AAA_6	9	1386	1.000000000
Abhydrolase_5	9	731	1.000000000
Adap_comp_sub	9	1319	1.000000000
Aminotran_1_2	9	2607	1.000000000
APOBEC_N	9	1065	1.000000000
ARID	9	454	0.700529300
DAGK_acc	9	656	1.000000000
Ded_cyto	9	734	1.000000000
DOR	9	547	0.926491600
DPPIV_N	9	1216	1.000000000
DUF3808	9	910	1.000000000
FERM_N	9	690	1.000000000
FKBP_C	9	446	0.677974100
FRG2	9	546	0.924849900
FTHFS	9	1215	1.000000000
FYVE	9	387	0.501264500
GVQW	9	213	0.058457390
HLH	9	304	0.255636500
HOOK	9	2594	1.000000000
IDO	9	958	1.000000000
Kazal_2	9	288	0.215377700
LCE	9	563	0.952160400
LRR_5	9	780	1.000000000
Macro	9	352	0.395167200
Na_Ca_ex	9	975	1.000000000
Na_trans_assoc	9	982	1.000000000
Peptidase_M10	9	1300	1.000000000
Peptidase_S8	9	1993	1.000000000
PHTB1_N	9	519	0.876514000
Proteasome	9	1248	1.000000000
SH3_1	9	384	0.491955200
Tmemb_55A	9	637	1.000000000
TNF	9	819	1.000000000
AAA_12	8	791	1.000000000
AAA_7	8	1372	1.000000000
ADH_N	8	640	1.000000000
Amidohydro_1	8	1400	1.000000000
Amino_oxidase	8	2379	1.000000000
Annexin	8	327	0.440815500
ASC	8	1946	1.000000000
Calpain_III	8	620	1.000000000
CEP170_C	8	706	1.000000000
CTF_NFI	8	436	0.802848000
Cyt-b5	8	288	0.312506100
DAGK_cat	8	397	0.679758200
Daxx	8	740	1.000000000
DNA_pol_phi	8	909	1.000000000
DUF4455	8	474	0.903515200
DUF4482	8	141	0.006949534
FGGY_C	8	763	1.000000000
FGGY_N	8	976	1.000000000
FMO-like	8	2320	1.000000000
Glyco_hydro_15	8	1744	1.000000000
Glyco_hydro_38C	8	1416	1.000000000
Glyco_hydro_47	8	1767	1.000000000
Gpi16	8	574	1.000000000
GST_C_2	8	303	0.361293000
HA2	8	373	0.599095000
HEAT_2	8	519	0.984049800
Hexokinase_1	8	616	1.000000000
Hist_deacetyl	8	1276	1.000000000
ig	8	390	0.657002600
IMD	8	520	0.985719800
Laminin_G_1	8	825	1.000000000
LRR_4	8	373	0.599095000
MatE	8	588	1.000000000
Med23	8	1313	1.000000000
MutS_V	8	741	1.000000000
Myc_N	8	793	1.000000000
NDK	8	765	1.000000000
NHS	8	1301	1.000000000
PI-PLC-Y	8	471	0.897739200
PKD_channel	8	1477	1.000000000
PLDc_3	8	361	0.558164500
PWWP	8	403	0.698788700
RNase_Zc3h12a	8	602	1.000000000
RYDR_ITPR	8	1033	1.000000000
Sec16_C	8	735	1.000000000
SGT1	8	585	1.000000000
Sulfate_transp	8	1137	1.000000000
TEA	8	1539	1.000000000
TMEM151	8	506	0.961892000
TSP_3	8	186	0.053579090
Xlink	8	479	0.913020900
Xpo1	8	486	0.926081600
4F5	7	76	0.000002836
5_nucleotid	7	931	1.000000000
AAA_9	7	921	1.000000000
ADK	7	840	1.000000000
AMP-binding_C	7	308	0.528554700
Anillin	7	561	1.000000000
ApoL	7	914	1.000000000
Asp	7	1641	1.000000000
B56	7	1637	1.000000000
C8	7	434	0.944257700
CAF1	7	1037	1.000000000
Carn_acyltransf	7	2345	0.955611900
Choline_transpo	7	1054	1.000000000
Connexin	7	649	1.000000000
Cystatin	7	481	1.000000000
DENN	7	589	1.000000000
DNA_methylase	7	987	1.000000000
DUF1086	7	313	0.547484200
Dynamin_N	7	819	1.000000000
EF-hand_3	7	99	0.000517496
Epimerase	7	718	1.000000000
ERM	7	767	1.000000000
ETS_PEA3_N	7	667	1.000000000
FBPase	7	520	1.000000000
Formyl_trans_C	7	315	0.554929500
GBP_C	7	1184	1.000000000
Glyco_hydro_35	7	805	1.000000000
HAP1_N	7	877	1.000000000
His_Phos_1	7	476	1.000000000
Hormone_1	7	444	0.964368500
IF-2B	7	1127	1.000000000
JmjC	7	351	0.692944000
LBP_BPI_CETP_C	7	1160	1.000000000
Ldh_1_C	7	505	1.000000000
Linker_histone	7	302	0.505221200
M16C_assoc	7	249	0.301954900
Mab-21	7	826	1.000000000
MRVI1	7	1636	1.000000000
NAP	7	1314	1.000000000
Ndr	7	396	0.851736600
OAS1_C	7	406	0.883915200
PB1	7	321	0.577186200
PEPCK	7	1041	1.000000000
Peptidase_C69	7	421	0.917049400
Perilipin	7	1359	1.000000000
PFK	7	1200	1.000000000
PH_8	7	272	0.388339600
PNMA	7	1012	1.000000000
PSI	7	322	0.581303800
Rap_GAP	7	568	1.000000000
Requiem_N	7	148	0.030302620
SPAN-X	7	367	0.751088500
Syja_N	7	663	1.000000000
TACC	7	407	0.886301600
TGF_beta	7	413	0.899670600
Tubulin_C	7	777	1.000000000
VWA_3	7	772	1.000000000
VWC	7	243	0.280268700
zf-C2H2_2	7	230	0.234572000
A2M_comp	6	1083	1.000000000
Activin_recp	6	323	0.786516300
adh_short_C2	6	184	0.183933800
Aida_C2	6	149	0.076179940
APG5	6	158	0.100417900
BCDHK_Adom3	6	156	0.094330070
BicD	6	719	1.000000000
Biopterin_H	6	996	1.000000000
Ca_hom_mod	6	506	1.000000000
Calx-beta	6	509	1.000000000
Chromo	6	177	0.160683600
CIMR	6	787	1.000000000
COG6	6	557	1.000000000
CRAL_TRIO	6	596	1.000000000
DNA_pol_B_exo1	6	1033	1.000000000
DP	6	144	0.063652770
DUF1744	6	401	1.000000000
DUF1908	6	829	1.000000000
DUF2392	6	101	0.004563832
DUF3384	6	422	1.000000000
DUF3694	6	382	0.967654300
DUF3740	6	287	0.632496600
DUF608	6	368	0.934632900
DuoxA	6	563	1.000000000
E3_UbLigase_R4	6	797	1.000000000
ELO	6	712	1.000000000
EVC2_like	6	425	1.000000000
F420_oxidored	6	265	0.533012600
FancD2	6	1424	1.000000000
Fasciclin	6	748	1.000000000
FMN_dh	6	684	1.000000000
Folate_carrier	6	942	1.000000000
Fucokinase	6	422	1.000000000
FYRN	6	55	0.000000015
GF_recep_IV	6	380	0.963049000
Glyco_hydro_1	6	1522	1.000000000
Glyco_hydro_38	6	1439	1.000000000
Glyco_hydro_56	6	722	1.000000000
Glyco_transf_18	6	1147	1.000000000
Glyco_transf_90	6	708	1.000000000
Glycogen_syn	6	1265	1.000000000
GOLGA2L5	6	1284	1.000000000
GPS	6	239	0.414224400
GTP_EFTU	6	1227	1.000000000
Hemopexin	6	225	0.350686600
HSP90	6	1479	1.000000000
INCA1	6	164	0.118007900
Interferon	6	810	1.000000000
IRS	6	362	0.919897700
KRTAP	6	266	0.537445400
Laminin_B	6	681	1.000000000
Latrophilin	6	989	1.000000000
Lectin_N	6	426	1.000000000
Med12-LCEWAV	6	1361	1.000000000
Mg_trans_NIPA	6	876	1.000000000
MORN	6	107	0.007933343
MutS_III	6	629	1.000000000
NIF	6	554	1.000000000
NR_Repeat	6	97	0.002888885
OB_NTP_bind	6	614	1.000000000
Ocnus	6	92	0.001479697
PA	6	403	1.000000000
PAP_central	6	698	1.000000000
PAS_9	6	422	1.000000000
Patatin	6	861	1.000000000
PDZ_assoc	6	205	0.265988100
Peptidase_C14	6	1107	1.000000000
Peptidase_S24	6	219	0.324580000
Peptidase_S9	6	848	1.000000000
Phosphodiest	6	1221	1.000000000
Phosphorylase	6	2094	0.933269700
PIP49_N	6	302	0.697742700
PMC2NT	6	92	0.001479697
Radical_SAM	6	696	1.000000000
Raftlin	6	974	1.000000000
RnaseA	6	631	1.000000000
Sad1_UNC	6	403	1.000000000
Sec1	6	2080	0.936899300
Serinc	6	640	1.000000000
SIR2	6	715	1.000000000
Smoothelin	6	110	0.010225590
SOCS_box	6	149	0.076179940
T4_deiodinase	6	696	1.000000000
T-box	6	690	1.000000000
THF_DHG_CYH_C	6	107	0.007933343
Tmemb_cc2	6	721	1.000000000
TRAM_LAG1_CLN8	6	986	1.000000000
Transferrin	6	986	1.000000000
Tweety	6	813	1.000000000
Tyrosinase	6	231	0.378624400
UPF0640	6	55	0.000000015
UvrD-helicase	6	315	0.752924100
VCX_VCY	6	135	0.044683090
Xan_ur_permease	6	967	1.000000000
zf-HC5HC2H_2	6	58	0.000000085
zf-RING_2	6	115	0.014756470
A2M_N_2	5	593	1.000000000
AAA_11	5	666	1.000000000
ACC_central	5	727	1.000000000
Acyltransferase	5	470	1.000000000
ADAM_CR	5	350	1.000000000
AhpC-TSA	5	391	1.000000000
AKNA	5	108	0.034411240
ALAD	5	326	0.988381700
Alpha_kinase	5	597	1.000000000
Arrestin_N	5	597	1.000000000
ATP-synt_ab	5	683	1.000000000
Bcl-2	5	299	0.911888200
BNR_2	5	747	1.000000000
BRO1	5	929	1.000000000
C4	5	334	1.000000000
Cadherin_pro	5	274	0.810099800
CaKB	5	304	0.926819400
Calsequestrin	5	767	1.000000000
CAP	5	401	1.000000000
CCDC74_C	5	242	0.647728000
CPSase_L_chain	5	224	0.549725200
Cu2_monoox_C	5	327	0.991031400
Cys_knot	5	404	1.000000000
dDENN	5	132	0.101621600
Death	5	250	0.689327000
DGCR6	5	174	0.282473400
Dor1	5	314	0.955604400
Drf_FH3	5	396	1.000000000
DUF1693	5	402	1.000000000
DUF3498	5	1098	1.000000000
DUF3504	5	346	1.000000000
DUF3523	5	619	1.000000000
DUF3583	5	332	1.000000000
eIF2A	5	311	0.947114800
ELMO_CED12	5	520	1.000000000
ERAP1_C	5	1298	1.000000000
FAA_hydrolase	5	702	1.000000000
FAM124	5	467	1.000000000
F-box-like	5	122	0.069745970
FERM_C	5	231	0.587036300
FGF	5	465	1.000000000
Filaggrin	5	263	0.755487800
Frag1	5	865	1.000000000
GAF	5	745	1.000000000
Gal-3-0_sulfotr	5	1202	1.000000000
Galactosyl_T	5	1010	1.000000000
GBP	5	789	1.000000000
Glyco_tranf_2_3	5	278	0.829150000
Glyco_transf_22	5	825	1.000000000
Glypican	5	1117	1.000000000
HbrB	5	216	0.506798300
HMGL-like	5	498	1.000000000
HR1	5	209	0.467231500
HRM	5	272	0.800417400
IL17_R_N	5	1092	1.000000000
Kazal_1	5	261	0.745189000
KIAA1328	5	318	0.966736100
Kunitz_BPTI	5	159	0.210787600
Lactamase_B	5	383	1.000000000
Laminin_G_3	5	616	1.000000000
Lung_7-TM_R	5	805	1.000000000
Lys	5	254	0.709385200
MAP2_projctn	5	1129	1.000000000
MBD	5	197	0.402852900
MCM_N	5	258	0.729516700
MH1	5	299	0.911888200
mTERF	5	903	1.000000000
Na_K-ATPase	5	856	1.000000000
NCKAP5	5	138	0.122536200
NO_synthase	5	744	1.000000000
NUDE_C	5	357	1.000000000
Nup84_Nup100	5	704	1.000000000
NUT_C	5	261	0.745189000
Pax2_C	5	461	1.000000000
Peptidase_C1	5	926	1.000000000
Peptidase_M17	5	622	1.000000000
Peptidase_M24	5	961	1.000000000
Peptidase_S28	5	911	1.000000000
PH_9	5	335	1.000000000
Pou	5	230	0.581303800
PTEN_C2	5	433	1.000000000
Rab_eff_C	5	770	1.000000000
RasGEF_N	5	309	0.941386600
Rhomboid	5	355	1.000000000
RNB	5	897	1.000000000
SBP_bac_3	5	1047	1.000000000
Sec15	5	618	1.000000000
Sec7	5	755	1.000000000
Septin	5	981	1.000000000
Tcp11	5	1048	1.000000000
Thyroglobulin_1	5	337	1.000000000
TIL	5	162	0.224429900
Transmemb_17	5	218	0.517751400
Treacle	5	259	0.734771000
tRNA-synt_1e	5	715	1.000000000
TSP_C	5	601	1.000000000
UAA	5	305	0.929761500
UDPGP	5	801	1.000000000
Ufd2P_core	5	1267	1.000000000
UPF0016	5	74	0.001002066
UPF0560	5	1267	1.000000000
XK-related	5	1538	1.000000000
XPG_I	5	173	0.277316400
zf-C2H2_4	5	96	0.014985200
zf-C2H2_6	5	83	0.003875886
Zip	5	935	1.000000000
A2M	4	276	1.000000000
Abhydrolase_3	4	248	0.944257700
Ald_Xan_dh_C2	4	1078	1.000000000
Alk_phosphatase	4	1312	0.967315700
ANATO	4	34	0.000000001
ANTH	4	267	1.000000000
ARHGEF5_35	4	617	1.000000000
Arm_2	4	987	1.000000000
ART	4	227	0.855825300
Asp-B-Hydro_N	4	268	1.000000000
Atrophin-1	4	1841	0.787043500
Band_7	4	517	1.000000000
Bap31	4	444	1.000000000
Beach	4	572	1.000000000
Bestrophin	4	634	1.000000000
BEX	4	399	1.000000000
BNIP2	4	131	0.232214000
bZIP_Maf	4	171	0.494292700
Cache_1	4	92	0.050662200
Carboxyl_trans	4	1178	1.000000000
Catalase	4	386	1.000000000
Cation_ATPase_N	4	135	0.254890200
CATSPERD	4	651	1.000000000
CDP-OH_P_transf	4	498	1.000000000
CENP-B_N	4	106	0.103418700
CENP-F_leu_zip	4	280	1.000000000
CENP-N	4	337	1.000000000
ChaC	4	248	0.944257700
Chorein_N	4	119	0.165656300
CitMHS	4	417	1.000000000
Clathrin_propel	4	32	0.000000000
Claudin_2	4	699	1.000000000
Clp1	4	433	1.000000000
Cluap1	4	272	1.000000000
CoA_transf_3	4	192	0.637004500
CoaE	4	359	1.000000000
cobW	4	325	1.000000000
Connexin_CCC	4	136	0.261573500
COPIIcoated_ERV	4	400	1.000000000
CPSase_L_D2	4	395	1.000000000
CPSase_L_D3	4	124	0.191984900
Crystall	4	257	0.975627100
CTP_transf_2	4	171	0.494292700
CUE	4	124	0.191984900
Cu-oxidase_2	4	392	1.000000000
CwfJ_C_1	4	125	0.197938200
Cyclin_C	4	359	1.000000000
D123	4	287	1.000000000
DAG_kinase_N	4	412	1.000000000
DDE_1	4	836	1.000000000
DIM1	4	236	0.899670600
DNA_pol_lambd_f	4	104	0.094330070
Dpy19	4	1907	0.767845200
Drf_FH1	4	258	0.979010900
Drf_GBD	4	501	1.000000000
DUF1042	4	160	0.418548700
DUF1466	4	234	0.891907700
DUF1669	4	875	1.000000000
DUF2028	4	124	0.191984900
DUF2431	4	171	0.494292700
DUF3585	4	288	1.000000000
DUF3651	4	76	0.013603790
DUF3733	4	177	0.535232200
DUF4464	4	225	0.844327900
DUF4510	4	163	0.437678500
DUF4545	4	124	0.191984900
DUF4601	4	439	1.000000000
DUF4655	4	533	1.000000000
DUF766	4	293	1.000000000
DUF959	4	183	0.574140100
E1_dh	4	604	1.000000000
Ebp2	4	282	1.000000000
EF-1_beta_acid	4	26	0.000000000
EGF_2	4	121	0.175416000
Endonuclease_NS	4	463	1.000000000
Endostatin	4	386	1.000000000
EphA2_TM	4	155	0.385439200
EST1_DNA_bind	4	595	1.000000000
Ets	4	237	0.903515200
Exo70	4	371	1.000000000
FAD_binding_8	4	245	0.933418800
FAM131	4	566	1.000000000
Fe-ADH	4	405	1.000000000
Ferritin	4	411	1.000000000
Fib_alpha	4	438	1.000000000
Focal_AT	4	139	0.281188300
Folate_rec	4	328	1.000000000
Furin-like	4	323	1.000000000
G_glu_transpept	4	1225	1.000000000
GAGE	4	334	1.000000000
Gal-bind_lectin	4	387	1.000000000
GCV_H	4	224	0.838521500
GCV_T	4	426	1.000000000
GDPD	4	695	1.000000000
GH3	4	282	1.000000000
Glutenin_hmw	4	349	1.000000000
Glyco_hydro_65m	4	353	1.000000000
Glyco_transf_11	4	517	1.000000000
Glyco_transf_25	4	185	0.588463600
Glyco_transf_49	4	643	1.000000000
Glyco_transf_8	4	519	1.000000000
Glycolytic	4	675	1.000000000
Glyoxalase	4	229	0.867171700
GMP_PDE_delta	4	160	0.418548700
GST_C_3	4	362	1.000000000
GST_N_3	4	145	0.318574300
GTSE1_N	4	145	0.318574300
Hamartin	4	718	1.000000000
HDAC4_Gln	4	89	0.041618140
His_Phos_2	4	448	1.000000000
HlyIII	4	700	1.000000000
HNOBA	4	402	1.000000000
HSA	4	145	0.318574300
HSNSD	4	975	1.000000000
IMPDH	4	810	1.000000000
IPK	4	647	1.000000000
JCAD	4	1348	0.952335200
KAP	4	708	1.000000000
Leuk-A4-hydro_C	4	292	1.000000000
Lig_chan-Glu_bd	4	132	0.237698100
Lipase_GDSL	4	748	1.000000000
LMF1	4	471	1.000000000
LRR_6	4	48	0.000026177
LRRNT	4	90	0.044683090
LTD	4	240	0.914904200
MATH	4	425	1.000000000
MBOAT	4	986	1.000000000
Med25	4	265	1.000000000
Med25_SD1	4	125	0.197938200
Mlf1IP	4	355	1.000000000
MoCF_biosynth	4	455	1.000000000
MOR2-PAG1_N	4	1068	1.000000000
Myb_DNA-bind_6	4	119	0.165656300
Myb_DNA-binding	4	142	0.300177700
Na_Pi_cotrans	4	432	1.000000000
NAAA-beta	4	187	0.602610400
NAD_binding_10	4	286	1.000000000
NAD_binding_8	4	129	0.221055000
NAD_kinase	4	309	1.000000000
NDUF_B8	4	181	0.561386100
Neuregulin	4	299	1.000000000
Neurexophilin	4	601	1.000000000
Nicastrin	4	226	0.850095700
Nrf1_DNA-bind	4	211	0.759319600
Nucleoplasmin	4	184	0.581303800
Nucleoporin_N	4	435	1.000000000
Nucleoside_tran	4	643	1.000000000
NUDIX_4	4	206	0.726878000
OST3_OST6	4	310	1.000000000
Otopetrin	4	679	1.000000000
P2X_receptor	4	1100	1.000000000
Pacs-1	4	828	1.000000000
PAG	4	432	1.000000000
PapD-like	4	94	0.056449260
PAS	4	108	0.112253400
PAS_11	4	218	0.802848000
PDGF	4	175	0.521820000
Pecanex_C	4	231	0.878370300
Peptidase_M16_C	4	564	1.000000000
Peptidase_M28	4	567	1.000000000
PG_binding_1	4	174	0.515027300
PGM_PMM_II	4	109	0.116579200
PHO4	4	1241	0.998749300
Pilt	4	291	1.000000000
Piwi	4	584	1.000000000
Pkinase_C	4	143	0.306374300
PLA2_B	4	988	1.000000000
PRCC	4	540	1.000000000
PRELI	4	550	1.000000000
Pribosyltran	4	348	1.000000000
Prominin	4	800	1.000000000
Proteasom_PSMB	4	599	1.000000000
PS_Dcarbxylase	4	244	0.929761500
PTR2	4	844	1.000000000
PUA_2	4	324	1.000000000
Pyrophosphatase	4	256	0.972223600
Rab5-bind	4	530	1.000000000
RAI16-like	4	729	1.000000000
RBP_receptor	4	619	1.000000000
RCC1_2	4	60	0.001184166
Ribosomal_L3	4	595	1.000000000
RIC3	4	152	0.364793400
RICTOR_M	4	220	0.814901300
Rio2_N	4	83	0.026663690
RNA_pol	4	401	1.000000000
RNA_pol_Rpb2_5	4	42	0.000001253
RNA_pol_Rpb2_6	4	1116	1.000000000
RPE65	4	1045	1.000000000
S_100	4	168	0.473004900
SapB_1	4	33	0.000000000
SBF	4	727	1.000000000
SCAMP	4	179	0.548418700
Sec63	4	1328	0.960582500
Seipin	4	270	1.000000000
Sfi1	4	236	0.899670600
SLA_LP_auto_ag	4	399	1.000000000
SLAIN	4	834	1.000000000
S-methyl_trans	4	899	1.000000000
SNARE	4	63	0.002189773
Sorb	4	50	0.000065446
Spermine_synth	4	279	1.000000000
Spond_N	4	392	1.000000000
SRF-TF	4	51	0.000085236
SSXRD	4	100	0.078609820
STAS	4	479	1.000000000
SUFU	4	180	0.554929500
Sulfate_tra_GLY	4	168	0.473004900
Synapsin_C	4	406	1.000000000
Tcf25	4	342	1.000000000
Tet_JBP	4	1329	0.960165700
TF_AP-2	4	288	1.000000000
THF_DHG_CYH	4	111	0.125054600
TMEM89	4	134	0.248481300
TPD52	4	231	0.878370300
TPR_10	4	75	0.012065230
TPR_12	4	207	0.733460300
TPR_2	4	98	0.071245890
Transketolase_C	4	123	0.185958900
Trichoplein	4	534	1.000000000
tRNA-synt_2b	4	535	1.000000000
Tuberin	4	355	1.000000000
UPAR_LY6	4	242	0.922378900
Vps16_N	4	725	1.000000000
VWA_2	4	387	1.000000000
XAP5	4	473	1.000000000
zf-3CxxC	4	224	0.838521500
zf-C3HC4_2	4	82	0.024293670
zf-RING_5	4	95	0.059766490
zf-RING_6	4	42	0.000001253
2OG-FeII_Oxy_3	3	188	0.953728300
2-oxoacid_dh	3	462	1.000000000
3Beta_HSD	3	463	1.000000000
3HCDH_N	3	363	1.000000000
7TM_GPCR_Srsx	3	503	1.000000000
A2M_N	3	212	1.000000000
AA_permease_N	3	148	0.672240300
AAA_4	3	401	1.000000000
ACT_7	3	71	0.058457390
Acyl-CoA_dh_1	3	378	1.000000000
Acyl-CoA_ox_N	3	119	0.409872800
AIF-MLS	3	309	1.000000000
Aldolase_II	3	97	0.222932900
Alpha_adaptinC2	3	227	1.000000000
Alpha-amylase	3	514	1.000000000
Amidase_2	3	445	1.000000000
AP_endonuc_2	3	196	0.990149500
APC10	3	305	1.000000000
APH	3	483	1.000000000
APP_N	3	206	1.000000000
ArsA_ATPase	3	304	1.000000000
Arylesterase	3	137	0.572029000
Branch	3	802	1.000000000
BRCT	3	233	1.000000000
Brix	3	434	1.000000000
BSP_II	3	298	1.000000000
CABS1	3	395	1.000000000
CBS	3	164	0.806884100
CCDC71L	3	454	1.000000000
CENP-R	3	139	0.590837300
CHD5	3	101	0.252645900
CN_hydrolase	3	377	1.000000000
Cobalamin_bind	3	653	1.000000000
Copine	3	296	1.000000000
Coq4	3	222	1.000000000
CP2	3	451	1.000000000
CTDII	3	160	0.774067100
Cytochrom_B561	3	406	1.000000000
DAP10	3	67	0.042645510
DAZAP2	3	134	0.546236400
DCX	3	121	0.427116700
DHDPS	3	204	1.000000000
Dimer_Tnp_hAT	3	187	0.949012000
Diphthamide_syn	3	626	1.000000000
Dispanin	3	249	1.000000000
DnaJ_CXXCXGXG	3	61	0.022689390
DTW	3	417	1.000000000
DUF1041	3	108	0.312506100
DUF1162	3	250	1.000000000
DUF1624	3	162	0.790627500
DUF1704	3	242	1.000000000
DUF1899	3	195	0.985719800
DUF221	3	684	1.000000000
DUF2362	3	512	1.000000000
DUF2450	3	562	1.000000000
DUF3338	3	261	1.000000000
DUF3398	3	95	0.207703400
DUF3414	3	1718	0.673210700
DUF3496	3	114	0.364793400
DUF3534	3	143	0.627965300
DUF3776	3	102	0.261573500
DUF4071	3	752	1.000000000
DUF4137	3	302	1.000000000
DUF4200	3	259	1.000000000
DUF4205	3	337	1.000000000
DUF4507	3	382	1.000000000
DUF4647	3	454	1.000000000
Dynamin_M	3	588	1.000000000
Dynamitin	3	390	1.000000000
DZF	3	732	1.000000000
EamA	3	176	0.894506400
EF_TS	3	269	1.000000000
EF-hand_4	3	292	1.000000000
EFhand_Ca_insen	3	136	0.563526300
EF-hand_like	3	83	0.123658000
ELL	3	572	1.000000000
Endosulfine	3	158	0.757192900
ERCC4	3	355	1.000000000
ERO1	3	803	1.000000000
F_actin_bind	3	109	0.320583100
F-actin_cap_A	3	540	1.000000000
FAM178	3	381	1.000000000
FAM196	3	479	1.000000000
FAM53	3	609	1.000000000
FAM75	3	478	1.000000000
FAM86	3	144	0.637004500
FAM92	3	294	1.000000000
Fe_hyd_lg_C	3	294	1.000000000
FerA	3	66	0.038501030
FGE-sulfatase	3	524	1.000000000
Flavodoxin_1	3	262	1.000000000
FNIP_N	3	82	0.118007900
FRG1	3	190	0.963049000
Fringe	3	471	1.000000000
Fumble	3	479	1.000000000
FXa_inhibition	3	110	0.328549600
Fz	3	344	1.000000000
G6PD_C	3	295	1.000000000
GATase	3	359	1.000000000
GFO_IDH_MocA	3	229	1.000000000
G-gamma	3	200	1.000000000
GlcNAc_2-epim	3	493	1.000000000
Gln-synt_C	3	497	1.000000000
Glutaminase	3	574	1.000000000
Glutaredoxin	3	133	0.537445400
Glyco_hydro_39	3	521	1.000000000
Glyco_hydro_59	3	430	1.000000000
Glyco_transf_7C	3	152	0.706075100
GSHPx	3	336	1.000000000
GST_C	3	281	1.000000000
GTPase_binding	3	42	0.000453903
HAD_2	3	621	1.000000000
HATPase_c_3	3	259	1.000000000
HhH-GPD	3	163	0.798793200
HIT	3	195	0.985719800
HJURP_C	3	67	0.042645510
HNF-1B_C	3	260	1.000000000
Homeobox_KN	3	81	0.112253400
HSP20	3	190	0.963049000
Hus1	3	558	1.000000000
IFRD	3	306	1.000000000
IL1	3	236	1.000000000
Insulin	3	185	0.939464800
Integrin_b_cyt	3	47	0.002046609
Integrin_B_tail	3	85	0.136613100
IRF-3	3	181	0.919897700
K167R	3	336	1.000000000
Kelch_3	3	166	0.822845900
KR	3	181	0.919897700
Kua-UEV1_localn	3	166	0.822845900
L_HGMIC_fpl	3	374	1.000000000
LAG1-DNAbind	3	139	0.590837300
LANC_like	3	349	1.000000000
LBP_BPI_CETP	3	351	1.000000000
LETM1	3	422	1.000000000
LRR_9	3	309	1.000000000
LSR	3	49	0.003160997
LUC7	3	509	1.000000000
malic	3	364	1.000000000
MARCKS	3	228	1.000000000
MCC-bdg_PDZ	3	124	0.453597600
Meckelin	3	338	1.000000000
Menin	3	396	1.000000000
Methyltransf_16	3	174	0.883915200
Methyltransf_23	3	382	1.000000000
Methyltransf_31	3	219	1.000000000
MH2	3	178	0.904791300
MHC_II_alpha	3	166	0.822845900
M-inducer_phosp	3	516	1.000000000
MIS13	3	281	1.000000000
MMS1_N	3	994	0.961696200
Mon1	3	802	1.000000000
Mtc	3	743	1.000000000
Mucin2_WxxW	3	179	0.909869000
MutS_II	3	304	1.000000000
MYCBPAP	3	423	1.000000000
N_Asn_amidohyd	3	274	1.000000000
NAD_binding_1	3	230	1.000000000
NAPRTase	3	98	0.230372000
NCD3G	3	104	0.279040400
Nckap1	3	2237	0.559553800
NIPSNAP	3	59	0.018126040
Nrap	3	497	1.000000000
Nucleopor_Nup85	3	558	1.000000000
NUDIX	3	429	1.000000000
OGFr_N	3	214	1.000000000
OSCP	3	115	0.374044200
PAD	3	796	1.000000000
PAD_M	3	318	1.000000000
PAP_assoc	3	114	0.364793400
PAP2	3	441	1.000000000
Paralemmin	3	606	1.000000000
PAT1	3	722	1.000000000
PCI	3	335	1.000000000
Pep3_Vps18	3	146	0.654803500
Peptidase_M13	3	399	1.000000000
Peptidase_M13_N	3	386	1.000000000
Peptidase_MA_2	3	163	0.798793200
Pex24p	3	224	1.000000000
Phospholip_A2_1	3	249	1.000000000
PigN	3	455	1.000000000
PIP5K	3	566	1.000000000
PK_C	3	121	0.427116700
Polyketide_cyc	3	130	0.510466200
Popeye	3	308	1.000000000
Porin_3	3	551	1.000000000
Pribosyl_synth	3	275	1.000000000
PRK	3	380	1.000000000
Proteasome_A_N	3	23	0.000000000
PTRF_SDPR	3	491	1.000000000
PV-1	3	442	1.000000000
PXA	3	497	1.000000000
Pyr_redox_3	3	437	1.000000000
PYRIN	3	248	1.000000000
R3H	3	217	1.000000000
RAB3GAP2_N	3	425	1.000000000
Rabaptin	3	318	1.000000000
Rad52_Rad22	3	150	0.689327000
Ran_BP1	3	244	1.000000000
RanGAP1_C	3	183	0.929761500
RasGAP	3	617	1.000000000
RBM39linker	3	85	0.136613100
Receptor_2B4	3	106	0.296010200
RGM_C	3	370	1.000000000
Rhodanese	3	241	1.000000000
Rieske	3	94	0.199906900
RIH_assoc	3	267	1.000000000
RNA_pol_Rpb4	3	115	0.374044200
Rotamase_3	3	61	0.022689390
RPAP3_C	3	190	0.963049000
RQC	3	330	1.000000000
Rtf2	3	413	1.000000000
SAA	3	284	1.000000000
SAM_2	3	120	0.418548700
SAP	3	70	0.054540950
Sarcoglycan_1	3	667	1.000000000
Sec6	3	1061	0.926118900
Sec7_N	3	320	1.000000000
SecY	3	727	1.000000000
Sel1	3	105	0.287585900
Semenogelin	3	180	0.914904200
Serum_albumin	3	345	1.000000000
SH3BP5	3	237	1.000000000
SIM_C	3	616	1.000000000
SK_channel	3	165	0.814901300
SMC_hinge	3	235	1.000000000
Smg4_UPF3	3	168	0.838521500
SNAP	3	536	1.000000000
Snf7	3	357	1.000000000
Sod_Cu	3	295	1.000000000
Sp38	3	538	1.000000000
SPARC_Ca_bdg	3	390	1.000000000
Sulfatase_C	3	198	0.998908000
Synaphin	3	274	1.000000000
Syntaxin	3	104	0.279040400
TB2_DP1_HVA22	3	158	0.757192900
Ten_N	3	366	1.000000000
TFIIA	3	835	1.000000000
Thioredoxin_6	3	374	1.000000000
TIP120	3	167	0.830718900
Tissue_fac	3	213	1.000000000
TM231	3	307	1.000000000
TMEM223	3	99	0.237698100
TNFR_c6	3	72	0.063652770
Topoisom_I	3	476	1.000000000
TPT	3	427	1.000000000
Transglut_C	3	304	1.000000000
Transglut_N	3	238	1.000000000
tRNA_SAD	3	110	0.328549600
tRNA-synt_1c	3	624	1.000000000
tRNA-synt_1d	3	696	1.000000000
Tub	3	638	1.000000000
Tudor-knot	3	64	0.032030610
UbiA	3	387	1.000000000
uDENN	3	133	0.537445400
UNC-93	3	358	1.000000000
UPF0258	3	159	0.765669800
Urb2	3	226	1.000000000
Urotensin_II	3	12	0.000000000
UT	3	610	1.000000000
V_ATPase_I	3	1134	0.891003500
vATP-synt_AC39	3	669	1.000000000
Vitellogenin_N	3	1109	0.902638300
VKG_Carbox	3	440	1.000000000
WH1	3	279	1.000000000
WSC	3	162	0.790627500
WT1	3	177	0.899670600
zf-CCCH	3	54	0.008708045
zf-TAZ	3	236	1.000000000
ZU5	3	300	1.000000000
14-3-3	2	470	1.000000000
2OG-FeII_Oxy_2	2	385	1.000000000
3-PAP	2	136	1.000000000
4_1_CTD	2	113	0.850095700
4HBT	2	73	0.324580000
60KD_IMP	2	221	1.000000000
AAA_18	2	156	1.000000000
AAA_33	2	260	1.000000000
ABC_membrane_2	2	288	1.000000000
ABC_tran_2	2	176	1.000000000
Abhydro_lipase	2	88	0.528554700
Abhydrolase_1	2	497	1.000000000
Abhydrolase_2	2	219	1.000000000
Abhydrolase_6	2	504	1.000000000
ACBP	2	89	0.541853200
ACOX	2	376	1.000000000
Adenylsucc_synt	2	423	1.000000000
ADIP	2	152	1.000000000
AdoHcyase	2	427	1.000000000
ADP_ribosyl_GH	2	639	0.982041500
AIRS	2	98	0.663566400
Alg6_Alg8	2	341	1.000000000
Alpha_L_fucos	2	714	0.921097200
Alpha-mann_mid	2	167	1.000000000
Amidase	2	912	0.792156600
Amidinotransf	2	178	1.000000000
Amidohydro_2	2	328	1.000000000
Androgen_recep	2	444	1.000000000
APCDDC	2	427	1.000000000
Aph-1	2	245	1.000000000
Apolipo_F	2	200	1.000000000
APP_E2	2	373	1.000000000
Apyrase	2	289	1.000000000
Arginase	2	575	1.000000000
Arrestin_C	2	253	1.000000000
Ashwin	2	221	1.000000000
Asparaginase	2	339	1.000000000
AstE_AspA	2	292	1.000000000
Atg8	2	210	1.000000000
ATP-grasp_4	2	200	1.000000000
ATP-gua_Ptrans	2	496	1.000000000
Aurora-A_bind	2	68	0.261573500
BASP1	2	270	1.000000000
Bax1-I	2	294	1.000000000
BCAS3	2	251	1.000000000
BCL_N	2	52	0.094330070
BDV_P40	2	210	1.000000000
BEN	2	159	1.000000000
BetaGal_dom4_5	2	87	0.515027300
Big_2	2	76	0.364793400
Bin3	2	110	0.814901300
BRCA-2_helical	2	189	1.000000000
BRF1	2	95	0.623409900
BRI3BP	2	374	1.000000000
BRK	2	46	0.050662200
Btz	2	108	0.790627500
Bystin	2	301	1.000000000
bZIP_1	2	125	0.951374900
C1_1	2	101	0.701919200
CAF1A	2	79	0.405493800
Calc_CGRP_IAPP	2	154	1.000000000
Calcipressin	2	172	1.000000000
CALCOCO1	2	458	1.000000000
Calpain_inhib	2	147	1.000000000
Calsarcin	2	299	1.000000000
CAMSAP_CKK	2	130	0.985719800
CAP_GLY	2	61	0.180205500
Caprin-1_C	2	317	1.000000000
CAS_CSE1	2	436	1.000000000
CATSPERG	2	540	1.000000000
Caveolin	2	149	1.000000000
CbiA	2	100	0.689327000
CBM_14	2	47	0.056449260
CCDC92	2	63	0.203820600
CDC50	2	568	1.000000000
CDK2AP	2	208	1.000000000
CDRT4	2	138	1.000000000
CENP-F_N	2	307	1.000000000
CENP-P	2	177	1.000000000
CENP-S	2	76	0.364793400
Ceramidase_alk	2	678	0.949087400
CHDCT2	2	173	1.000000000
Chibby	2	197	1.000000000
CHORD	2	130	0.985719800
CHRD	2	118	0.899670600
Churchill	2	65	0.226666700
CIAPIN1	2	227	1.000000000
Citrate_synt	2	586	1.000000000
CLASP_N	2	363	1.000000000
CLCA_N	2	262	1.000000000
CLN3	2	248	1.000000000
CLN6	2	283	1.000000000
CLTH	2	487	1.000000000
CNPase	2	236	1.000000000
CoA_trans	2	430	1.000000000
Cofilin_ADF	2	225	1.000000000
Complex1_LYR	2	120	0.914904200
COX7B	2	80	0.418548700
CR6_interact	2	212	1.000000000
CRAL_TRIO_N	2	47	0.056449260
CRIC_ras_sig	2	95	0.623409900
CS	2	158	1.000000000
Cse1	2	656	0.967315700
CSF-1	2	283	1.000000000
CTC1	2	1142	0.674648500
CTD	2	167	1.000000000
CtIP_N	2	120	0.914904200
CTNNBL	2	111	0.826791200
CTP_transf_1	2	331	1.000000000
Cu_amine_oxid	2	826	0.846046700
Cu_amine_oxidN3	2	101	0.701919200
cwf18	2	135	1.000000000
Cylicin_N	2	60	0.170566600
Dak1	2	323	1.000000000
DAN	2	227	1.000000000
DcpS_C	2	113	0.850095700
DDE_Tnp_1_7	2	717	0.918860200
Dendrin	2	655	0.968166100
Dexa_ind	2	95	0.623409900
DFF-C	2	166	1.000000000
DHFR_1	2	182	1.000000000
DIL	2	212	1.000000000
DLIC	2	939	0.776156100
DNA_binding_1	2	86	0.501264500
DNA_mis_repair	2	120	0.914904200
DNA_pol_A	2	864	0.822432500
DNA_pol_B_thumb	2	65	0.226666700
DNA_topoisoIV	2	457	1.000000000
Dna2	2	217	1.000000000
DNase_II	2	331	1.000000000
dNK	2	144	1.000000000
DREV	2	228	1.000000000
Dsh_C	2	419	1.000000000
DUF1032	2	555	1.000000000
DUF1053	2	109	0.802848000
DUF1075	2	144	1.000000000
DUF1625	2	362	1.000000000
DUF1640	2	195	1.000000000
DUF167	2	64	0.215377700
DUF1907	2	152	1.000000000
DUF1977	2	109	0.802848000
DUF2039	2	92	0.581303800
DUF2054	2	131	0.992351700
DUF2146	2	286	1.000000000
DUF2181	2	466	1.000000000
DUF2215	2	223	1.000000000
DUF2217	2	762	0.886908800
DUF2356	2	230	1.000000000
DUF2366	2	168	1.000000000
DUF2475	2	67	0.248481300
DUF2476	2	521	1.000000000
DUF3342	2	303	1.000000000
DUF3381	2	181	1.000000000
DUF3402	2	403	1.000000000
DUF3480	2	350	1.000000000
DUF3508	2	281	1.000000000
DUF3512	2	238	1.000000000
DUF3518	2	257	1.000000000
DUF3538	2	117	0.891907700
DUF3543	2	219	1.000000000
DUF3588	2	117	0.891907700
DUF3635	2	90	0.554929500
DUF3657	2	58	0.150545800
DUF3827	2	509	1.000000000
DUF4187	2	68	0.261573500
DUF4196	2	145	1.000000000
DUF4203	2	199	1.000000000
DUF4217	2	64	0.215377700
DUF4457	2	323	1.000000000
DUF4500	2	43	0.033523700
DUF4515	2	206	1.000000000
DUF4521	2	205	1.000000000
DUF4526	2	235	1.000000000
DUF4527	2	273	1.000000000
DUF4543	2	75	0.350686600
DUF4552	2	248	1.000000000
DUF4553	2	471	1.000000000
DUF4556	2	197	1.000000000
DUF4565	2	125	0.951374900
DUF4568	2	102	0.714325700
DUF4594	2	140	1.000000000
DUF4662	2	263	1.000000000
DUF676	2	197	1.000000000
DUF706	2	255	1.000000000
DUF812	2	598	1.000000000
DUF829	2	156	1.000000000
DUF837	2	193	1.000000000
DUF902	2	84	0.473004900
DUF908	2	282	1.000000000
Dus	2	306	1.000000000
Dynein_IC2	2	33	0.003576589
E2F_TDP	2	83	0.458493300
ECM1	2	567	1.000000000
ECSIT	2	229	1.000000000
ecTbetaR2	2	119	0.907335500
EF-hand_2	2	127	0.965356100
EF-hand_5	2	24	0.000026177
EF-hand_6	2	33	0.003576589
EGF_3	2	73	0.324580000
EIN3	2	331	1.000000000
EMP24_GP25L	2	335	1.000000000
Enolase_C	2	582	1.000000000
Epiglycanin_TR	2	113	0.850095700
EPL1	2	151	1.000000000
EpoR_lig-bind	2	98	0.663566400
ER_lumen_recept	2	98	0.663566400
Evr1_Alr	2	103	0.726878000
Exostosin	2	281	1.000000000
FAD_binding_2	2	395	1.000000000
FAD_binding_4	2	52	0.094330070
FAD_binding_6	2	108	0.790627500
FANCI_S1	2	222	1.000000000
FANCI_S3	2	178	1.000000000
FANCL_C	2	69	0.274721200
Fapy_DNA_glyco	2	305	1.000000000
Far-17a_AIG1	2	185	1.000000000
Fer2_4	2	79	0.405493800
Ferrochelatase	2	322	1.000000000
Fez1	2	386	1.000000000
FF	2	49	0.071245890
FIIND	2	257	1.000000000
Fmp27	2	225	1.000000000
FPL	2	149	1.000000000
FSA_C	2	605	1.000000000
FTCD	2	145	1.000000000
G2F	2	391	1.000000000
G6B	2	198	1.000000000
Gaa1	2	498	1.000000000
GalP_UDP_tr_C	2	169	1.000000000
GATA	2	70	0.287585900
GATase_5	2	272	1.000000000
GCD14	2	264	1.000000000
GCFC	2	434	1.000000000
GDC-P	2	424	1.000000000
GDI	2	438	1.000000000
GHMP_kinases_C	2	86	0.501264500
Gln-synt_N	2	81	0.431361000
Globin	2	205	1.000000000
Gly_rich	2	250	1.000000000
Gly_transf_sug	2	125	0.951374900
Glyco_hydro_20	2	292	1.000000000
Glyco_trans_4_4	2	166	1.000000000
Glyco_transf_17	2	352	1.000000000
Glyco_transf_6	2	262	1.000000000
Glyco_transf_64	2	492	1.000000000
Glyco_transf_7N	2	129	0.979010900
GMC_oxred_N	2	299	1.000000000
GnHR_trans	2	70	0.287585900
Gp_dh_N	2	298	1.000000000
GPCR_chapero_1	2	316	1.000000000
GST_N	2	146	1.000000000
HAUS5	2	890	0.805728800
HCaRG	2	347	1.000000000
HCR	2	756	0.891003500
HDA2-3	2	80	0.418548700
Helicase_C_3	2	133	1.000000000
Herpes_UL45	2	113	0.850095700
Hexapep	2	67	0.248481300
HGTP_anticodon	2	191	1.000000000
Hint	2	206	1.000000000
HNOB	2	164	1.000000000
HORMA	2	339	1.000000000
HYR	2	83	0.458493300
IBB	2	184	1.000000000
IBR	2	69	0.274721200
IFNGR1	2	164	1.000000000
IKI3	2	954	0.767562100
IL10	2	326	1.000000000
IL12	2	219	1.000000000
Ima1_N	2	126	0.958407100
Inhibitor_I29	2	61	0.180205500
Inhibitor_I9	2	76	0.364793400
Innexin	2	311	1.000000000
Inositol_P	2	267	1.000000000
Ins134_P3_kin	2	318	1.000000000
INSIG	2	368	1.000000000
INTS2	2	1108	0.689682700
Ist1	2	94	0.609598900
ITI_HC_C	2	187	1.000000000
IZUMO	2	316	1.000000000
Joubert	2	356	1.000000000
KCNQ_channel	2	203	1.000000000
KN_motif	2	39	0.017017280
L6_membrane	2	414	1.000000000
Laminin_II	2	235	1.000000000
Lamp	2	466	1.000000000
LAP1C	2	463	1.000000000
Laps	2	124	0.944257700
LCCL	2	93	0.595565500
Lectin_leg-like	2	228	1.000000000
Lge1	2	110	0.814901300
LINES_N	2	352	1.000000000
Lipin_N	2	114	0.861517100
LMBR1	2	427	1.000000000
Longin	2	82	0.443938100
Ly49	2	122	0.929761500
Lysyl_oxidase	2	113	0.850095700
M20_dimer	2	150	1.000000000
Macoilin	2	663	0.961417400
MAD	2	561	1.000000000
Mago-bind	2	26	0.000136185
MAGUK_N_PEST	2	84	0.473004900
MAPEG	2	230	1.000000000
MCD	2	106	0.765669800
Mcm10	2	351	1.000000000
Med12-PQL	2	203	1.000000000
Med13_C	2	524	1.000000000
Med13_N	2	384	1.000000000
Med15	2	372	1.000000000
Med16	2	717	0.918860200
Med18	2	63	0.203820600
Med22	2	117	0.891907700
Med24_N	2	987	0.749349400
Med25_NR-box	2	78	0.392188300
Med8	2	268	1.000000000
Mei5	2	217	1.000000000
Mem_trans	2	337	1.000000000
MENTAL	2	168	1.000000000
Metallothio	2	122	0.929761500
MGS	2	93	0.595565500
MgtE	2	137	1.000000000
MIF	2	229	1.000000000
MIF4G	2	231	1.000000000
MIG-14_Wnt-bd	2	321	1.000000000
MIP-T3	2	571	1.000000000
MitMem_reg	2	116	0.883915200
Mitoc_L55	2	120	0.914904200
Mitofilin	2	644	0.977649900
MMgT	2	93	0.595565500
Mob1_phocein	2	349	1.000000000
Motile_Sperm	2	204	1.000000000
MR_MLE_C	2	114	0.861517100
MRP-L46	2	97	0.650388200
MRP-S31	2	296	1.000000000
MSC	2	495	1.000000000
MTHFR	2	290	1.000000000
MULE	2	94	0.609598900
Mut7-C	2	127	0.965356100
Myelin_PLP	2	245	1.000000000
Myosin_N	2	86	0.501264500
MyTH4	2	113	0.850095700
NAD_binding_4	2	271	1.000000000
NAD_binding_6	2	286	1.000000000
NAGLU	2	338	1.000000000
NESP55	2	245	1.000000000
Neural_ProG_Cyt	2	54	0.112253400
Neuro_bHLH	2	250	1.000000000
Neuromodulin	2	172	1.000000000
Nic96	2	603	1.000000000
Nitroreductase	2	171	1.000000000
NKAIN	2	314	1.000000000
NNMT_PNMT_TEMT	2	389	1.000000000
NOD	2	57	0.140142100
Noelin-1	2	101	0.701919200
Nop14	2	838	0.838910900
NOT2_3_5	2	131	0.992351700
NTF2	2	227	1.000000000
Nuc_sug_transp	2	524	1.000000000
NUC173	2	199	1.000000000
NUC202	2	67	0.248481300
Nucleos_tra2_C	2	452	1.000000000
Nup153	2	522	1.000000000
Nup88	2	731	0.908604200
NYD-SP12_N	2	568	1.000000000
OCD_Mu_crystall	2	90	0.554929500
ODC_AZ	2	100	0.689327000
OTCace_N	2	143	1.000000000
P34-Arc	2	231	1.000000000
P4Ha_N	2	134	1.000000000
P53_tetramer	2	42	0.028991200
PA14	2	287	1.000000000
PA26	2	888	0.806987600
PABP	2	135	1.000000000
Paf67	2	401	1.000000000
PAN_1	2	84	0.473004900
PAP_RNA-bind	2	143	1.000000000
PARP_reg	2	133	1.000000000
PAS_3	2	88	0.528554700
PAXNEB	2	398	1.000000000
PAZ	2	275	1.000000000
PCMT	2	216	1.000000000
Pentaxin	2	194	1.000000000
Peptidase_C13	2	520	1.000000000
Peptidase_M17_N	2	133	1.000000000
Peptidase_M18	2	439	1.000000000
Peptidase_M20	2	743	0.900045000
Peptidase_M22	2	586	1.000000000
Peptidase_M50	2	358	1.000000000
Peptidase_M8	2	576	1.000000000
Peptidase_S10	2	423	1.000000000
PET	2	106	0.765669800
PEX11	2	319	1.000000000
PGAP1	2	160	1.000000000
PGK	2	399	1.000000000
PGM_PMM_IV	2	108	0.790627500
PH_11	2	100	0.689327000
PH_3	2	103	0.726878000
Phospholip_A2_2	2	100	0.689327000
Phtf-FEM1B_bdg	2	163	1.000000000
PhyH	2	248	1.000000000
PhzC-PhzF	2	251	1.000000000
PI3K_rbd	2	210	1.000000000
PINIT	2	308	1.000000000
PIP49_C	2	180	1.000000000
PKD	2	146	1.000000000
PLAC	2	35	0.006452880
PLAC9	2	38	0.013603790
PLDc_2	2	180	1.000000000
PLU-1	2	660	0.963933800
PMT	2	270	1.000000000
Podoplanin	2	162	1.000000000
PP1_inhibitor	2	124	0.944257700
PP2C_C	2	80	0.418548700
PPAK	2	28	0.000453903
PQ-loop	2	122	0.929761500
Prenyltransf	2	224	1.000000000
Pribosyltran_N	2	117	0.891907700
PRKCSH_1	2	315	1.000000000
PRMT5	2	439	1.000000000
Pro_dh	2	116	0.883915200
Prokineticin	2	202	1.000000000
Pro-rich_19	2	567	1.000000000
PseudoU_synth_1	2	225	1.000000000
PTB	2	192	1.000000000
PTS_2-RNA	2	147	1.000000000
PWI	2	71	0.300177700
Rad17	2	511	1.000000000
Rad9	2	202	1.000000000
Radial_spoke_3	2	290	1.000000000
RBB1NT	2	96	0.637004500
RCSD	2	104	0.739995000
Recep_L_domain	2	115	0.872789200
Reeler	2	133	1.000000000
Rep_fac_C	2	128	0.972223600
Rft-1	2	613	1.000000000
RFX_DNA_binding	2	85	0.487259500
Rgp1	2	142	1.000000000
RGS-like	2	180	1.000000000
Rib_hydrolayse	2	308	1.000000000
Rib_recp_KP_reg	2	141	1.000000000
Ribosomal_L11	2	73	0.324580000
Ribosomal_L15e	2	192	1.000000000
Ribosomal_S14	2	38	0.013603790
Ribosomal_S18	2	55	0.120845800
RIC1	2	263	1.000000000
RICTOR_phospho	2	107	0.778236200
RINGv	2	101	0.701919200
RNA_pol_3_Rpc31	2	312	1.000000000
RNA_polI_A34	2	321	1.000000000
RNase_P_Rpp14	2	159	1.000000000
RNase_PH	2	58	0.150545800
RNase_PH_C	2	134	1.000000000
ROKNT	2	43	0.033523700
Rootletin	2	351	1.000000000
RPOL_N	2	304	1.000000000
RRM_5	2	113	0.850095700
RRN3	2	546	1.000000000
rRNA_proc-arch	2	135	1.000000000
RtcB	2	468	1.000000000
RunxI	2	95	0.623409900
RyR	2	95	0.623409900
SAB	2	49	0.071245890
SAND	2	82	0.443938100
SapB_2	2	35	0.006452880
SARG	2	832	0.842459500
SART-1	2	639	0.982041500
Sas10_Utp3	2	82	0.443938100
SbcCD_C	2	79	0.405493800
SCHIP-1	2	237	1.000000000
SCO1-SenC	2	182	1.000000000
Scramblase	2	446	1.000000000
Scs3p	2	191	1.000000000
Sds3	2	172	1.000000000
Sec2p	2	236	1.000000000
Sec8_exocyst	2	121	0.922378900
SID-1_RNA_chan	2	644	0.977649900
SIN1	2	339	1.000000000
SIT	2	193	1.000000000
Sld5	2	108	0.790627500
SMAP	2	71	0.300177700
SNARE_assoc	2	106	0.765669800
SNase	2	109	0.802848000
SOBP	2	565	1.000000000
Speriolin_C	2	147	1.000000000
Sprouty	2	112	0.838521500
Spt20	2	169	1.000000000
SR-25	2	212	1.000000000
SRA1	2	210	1.000000000
SRCR_2	2	93	0.595565500
SSFA2_C	2	166	1.000000000
SSXT	2	66	0.237698100
ST7	2	517	1.000000000
START	2	206	1.000000000
Strumpellin	2	1081	0.702123500
Suf	2	275	1.000000000
Sulfotransfer_3	2	390	1.000000000
SURF4	2	266	1.000000000
Synapsin_N	2	32	0.002612524
Syntaxin_2	2	102	0.714325700
TAFA	2	90	0.554929500
TALPID3	2	1229	0.639060900
TAN	2	162	1.000000000
TatD_DNase	2	227	1.000000000
Taxilin	2	313	1.000000000
TB	2	85	0.487259500
TFIIB	2	74	0.336408200
TGS	2	61	0.180205500
THAP	2	86	0.501264500
THEG	2	61	0.180205500
ThiF	2	281	1.000000000
Thioesterase	2	116	0.883915200
Thiolase_N	2	524	1.000000000
THRAP3_BCLAF1	2	1267	0.625930400
Tim17	2	127	0.965356100
TIR_2	2	111	0.826791200
TLD	2	127	0.965356100
TLE_N	2	211	1.000000000
TMEM101	2	252	1.000000000
TMEM95	2	150	1.000000000
Tmemb_161AB	2	539	1.000000000
TMPIT	2	330	1.000000000
TORC_C	2	76	0.364793400
TORC_M	2	148	1.000000000
Torsin	2	235	1.000000000
TPK_catalytic	2	134	1.000000000
TPMT	2	222	1.000000000
TPP_enzyme_M	2	134	1.000000000
TPP_enzyme_N	2	246	1.000000000
Transglut_core	2	223	1.000000000
Transket_pyr	2	333	1.000000000
TRAPPC9-Trs120	2	1108	0.689682700
Trehalase	2	506	1.000000000
TRM	2	427	1.000000000
tRNA_int_endo	2	40	0.020301780
tRNA_U5-meth_tr	2	195	1.000000000
tRNA-synt_1b	2	585	1.000000000
tRNA-synt_2	2	354	1.000000000
Troponin	2	263	1.000000000
TSKS	2	567	1.000000000
TSSC4	2	93	0.595565500
TTKRSYEDQ	2	506	1.000000000
Tyr-DNA_phospho	2	413	1.000000000
UBA_4	2	42	0.028991200
Ubie_methyltran	2	270	1.000000000
Ubiquitin_2	2	81	0.431361000
UBN_AB	2	217	1.000000000
UIM	2	18	0.000000010
UNC-50	2	229	1.000000000
UNC-79	2	469	1.000000000
UPF0004	2	193	1.000000000
UPF0020	2	187	1.000000000
UPF0489	2	239	1.000000000
UPF0515	2	257	1.000000000
UPF0564	2	370	1.000000000
UPF0565	2	309	1.000000000
Urocanase	2	579	1.000000000
Uroplakin_II	2	184	1.000000000
Use1	2	252	1.000000000
Uso1_p115_C	2	129	0.979010900
USP8_dimer	2	113	0.850095700
Uteroglobin	2	133	1.000000000
Utp12	2	107	0.778236200
V1R	2	525	1.000000000
V-ATPase_C	2	295	1.000000000
VCBS	2	75	0.350686600
Vert_IL3-reg_TF	2	333	1.000000000
VHL	2	255	1.000000000
VHS	2	214	1.000000000
Vps16_C	2	319	1.000000000
Vps35	2	741	0.901457100
Vps5	2	401	1.000000000
Vps53_N	2	37	0.010968910
VPS9	2	97	0.650388200
W2	2	164	1.000000000
WAP	2	41	0.024293670
WBP-1	2	107	0.778236200
WH2	2	31	0.001756818
WWE	2	148	1.000000000
Wyosine_form	2	64	0.215377700
YhhN	2	188	1.000000000
Yip1	2	320	1.000000000
z-alpha	2	67	0.248481300
zf-C3HC4_4	2	82	0.443938100
zf-C4	2	70	0.287585900
zf-C4H2	2	211	1.000000000
zf-C4pol	2	70	0.287585900
zf-met	2	51	0.085755860
zf-Tim10_DDP	2	65	0.226666700
zf-UBR	2	57	0.140142100
Zw10	2	613	1.000000000
SEP	1	75	1.000000000
1-cysPrx_C	1	40	0.418548700
2OG-FeII_Oxy	1	130	1.000000000
5-nucleotidase	1	274	1.000000000
AA_kinase	1	259	1.000000000
AAR2	1	338	0.950707700
ABC2_membrane	1	212	1.000000000
Abi_HHR	1	79	1.000000000
ABM	1	76	1.000000000
Acetyltransf_1	1	81	1.000000000
Acetyltransf_3	1	150	1.000000000
Acetyltransf_7	1	84	1.000000000
AChE_tetra	1	38	0.364793400
ACT	1	66	0.998908000
Ada3	1	125	1.000000000
ADH_zinc_N_2	1	147	1.000000000
Adhes-Ig_like	1	112	1.000000000
AFG1_ATPase	1	296	1.000000000
Ago_hook	1	147	1.000000000
Agouti	1	91	1.000000000
Aha1_N	1	80	1.000000000
AHSP	1	89	1.000000000
AKAP7_NLS	1	199	1.000000000
Ala_racemase_N	1	237	1.000000000
AlaDh_PNT_N	1	131	1.000000000
Ald_Xan_dh_C	1	107	1.000000000
ALIX_LYPXL_bnd	1	295	1.000000000
Alpha-2-MRAP_N	1	121	1.000000000
Alpha-amylase_C	1	90	1.000000000
Amelin	1	196	1.000000000
Amidohydro_4	1	320	0.981159000
Aminotran_3	1	358	0.919604400
Aminotran_5	1	432	0.822432500
Amnionless	1	428	0.827724600
AMOP	1	161	1.000000000
AMPKBI	1	118	1.000000000
Ank_4	1	52	0.739995000
Ant_C	1	94	1.000000000
APC_CDC26	1	82	1.000000000
Apc3	1	81	1.000000000
ApoO	1	155	1.000000000
APP_Cu_bd	1	58	0.883915200
Arb2	1	60	0.914904200
ARD	1	155	1.000000000
Arginosuc_synth	1	396	0.867138100
ASCH	1	114	1.000000000
ASD2	1	292	1.000000000
Asn_synthase	1	119	1.000000000
Asp_protease	1	123	1.000000000
Astacin	1	189	1.000000000
ATG16	1	195	1.000000000
ATP1G1_PLM_MAT8	1	50	0.689327000
ATP-synt	1	272	1.000000000
ATP-synt_S1	1	406	0.854570800
ATXN-1_C	1	31	0.191984900
Auts2	1	213	1.000000000
Ax_dynein_light	1	189	1.000000000
B12-binding_2	1	82	1.000000000
B2-adapt-app_C	1	113	1.000000000
B3_4	1	163	1.000000000
B9-C2	1	163	1.000000000
BAAT_C	1	207	1.000000000
BAH	1	126	1.000000000
BAR_3_WASP_bdg	1	236	1.000000000
Barttin	1	225	1.000000000
Bcl-2_BAD	1	168	1.000000000
Bclx_interact	1	37	0.336408200
BCS1_N	1	169	1.000000000
Beta-Casp	1	125	1.000000000
BHD_1	1	54	0.790627500
Bile_Hydr_Trans	1	128	1.000000000
BioT2	1	170	1.000000000
Biotin_lipoyl	1	67	1.000000000
BORG_CEP	1	153	1.000000000
BPL_LplA_LipB	1	112	1.000000000
Bravo_FIGEY	1	88	1.000000000
BROMI	1	1287	0.461190700
BSMAP	1	206	1.000000000
BTD	1	153	1.000000000
bZIP_2	1	54	0.790627500
CABIT	1	294	1.000000000
CAF1C_H4-bd	1	41	0.443938100
Calponin	1	26	0.094330070
Calreticulin	1	370	0.902165300
CAMSAP_CH	1	86	1.000000000
CAP_C	1	154	1.000000000
Carb_kinase	1	226	1.000000000
Catalase-rel	1	68	1.000000000
Cathelicidins	1	67	1.000000000
Cation_efflux	1	229	1.000000000
Cauli_VI	1	45	0.554929500
CBAH	1	187	1.000000000
CBF	1	151	1.000000000
CBF_beta	1	51	0.714325700
CBM_21	1	108	1.000000000
CCDC144C	1	294	1.000000000
CCDC155	1	193	1.000000000
CD34_antigen	1	213	1.000000000
CDC37_C	1	92	1.000000000
CDC73	1	293	1.000000000
CDK5_activator	1	296	1.000000000
CENP_C_N	1	286	1.000000000
CENP-Q	1	151	1.000000000
Cep57_CLD	1	58	0.883915200
Choline_kinase	1	236	1.000000000
Chromosome_seg	1	59	0.899670600
CIA30	1	174	1.000000000
CI-B14_5a	1	101	1.000000000
Cid2	1	133	1.000000000
CKAP2_C	1	320	0.981159000
Clat_adaptor_s	1	137	1.000000000
Clusterin	1	435	0.818511500
Cmyb_C	1	160	1.000000000
Cnd1	1	167	1.000000000
Cnd2	1	708	0.580075700
Cnd3	1	314	0.991886900
CO_deh_flav_C	1	105	1.000000000
Coatomer_WDAD	1	445	0.805728800
Codanin-1_C	1	121	1.000000000
COG2	1	133	1.000000000
Cohesin_HEAT	1	28	0.129460700
Cohesin_load	1	548	0.695155300
Colipase_C	1	45	0.554929500
Complex1_49kDa	1	271	1.000000000
COQ9	1	60	0.914904200
Cornifin	1	94	1.000000000
CortBP2	1	46	0.581303800
COX7a	1	57	0.861517100
CPSase_sm_chain	1	139	1.000000000
CT47	1	279	1.000000000
Cu-oxidase_3	1	123	1.000000000
CutC	1	202	1.000000000
Cys_rich_FGFR	1	57	0.861517100
CytochromB561_N	1	555	0.688779300
DALR_1	1	127	1.000000000
DAP3	1	296	1.000000000
Dapper	1	169	1.000000000
DBB	1	131	1.000000000
dCMP_cyt_deam_1	1	130	1.000000000
DDHD	1	249	1.000000000
DDOST_48kD	1	410	0.849673200
DDRGK	1	189	1.000000000
Defensin_propep	1	52	0.739995000
DeoC	1	251	1.000000000
DEPP	1	188	1.000000000
DER1	1	194	1.000000000
DHHA2	1	154	1.000000000
DHO_dh	1	307	1.000000000
Disintegrin	1	76	1.000000000
DIX	1	83	1.000000000
DJ-1_PfpI	1	164	1.000000000
DLD	1	111	1.000000000
DMAP1	1	165	1.000000000
DMP1	1	513	0.728968800
DNA_pol_delta_4	1	74	1.000000000
DNA_primase_lrg	1	267	1.000000000
DNA_primase_S	1	191	1.000000000
Dppa2_A	1	49	0.663566400
DRIM	1	145	1.000000000
DRMBL	1	107	1.000000000
DUF1143	1	149	1.000000000
DUF1180	1	159	1.000000000
DUF1193	1	216	1.000000000
DUF1211	1	80	1.000000000
DUF1242	1	37	0.336408200
DUF1253	1	439	0.813346100
DUF1301	1	135	1.000000000
DUF1325	1	133	1.000000000
DUF1356	1	220	1.000000000
DUF1387	1	203	1.000000000
DUF1388	1	30	0.170566600
DUF1394	1	305	1.000000000
DUF1518	1	58	0.883915200
DUF1604	1	89	1.000000000
DUF1619	1	274	1.000000000
DUF1674	1	69	1.000000000
DUF1681	1	160	1.000000000
DUF1712	1	398	0.864586800
DUF1736	1	78	1.000000000
DUF1866	1	146	1.000000000
DUF1900	1	135	1.000000000
DUF1973	1	181	1.000000000
DUF2040	1	126	1.000000000
DUF2046	1	340	0.947474300
DUF2151	1	693	0.588710200
DUF2228	1	252	1.000000000
DUF2233	1	189	1.000000000
DUF2246	1	276	1.000000000
DUF2359	1	169	1.000000000
DUF2370	1	160	1.000000000
DUF2464	1	252	1.000000000
DUF2465	1	323	0.975907500
DUF2781	1	142	1.000000000
DUF2870	1	116	1.000000000
DUF3028	1	589	0.659444800
DUF3361	1	168	1.000000000
DUF3432	1	77	1.000000000
DUF3453	1	238	1.000000000
DUF3459	1	103	1.000000000
DUF3546	1	114	1.000000000
DUF3548	1	216	1.000000000
DUF3554	1	344	0.941092300
DUF410	1	250	1.000000000
DUF4147	1	149	1.000000000
DUF4195	1	183	1.000000000
DUF4201	1	177	1.000000000
DUF4206	1	205	1.000000000
DUF4371	1	136	1.000000000
DUF4392	1	97	1.000000000
DUF4463	1	71	1.000000000
DUF4472	1	113	1.000000000
DUF4477	1	192	1.000000000
DUF4481	1	292	1.000000000
DUF4487	1	553	0.690588700
DUF4504	1	251	1.000000000
DUF4505	1	183	1.000000000
DUF4513	1	132	1.000000000
DUF4517	1	75	1.000000000
DUF4529	1	388	0.877539800
DUF4530	1	111	1.000000000
DUF4536	1	47	0.609598900
DUF4544	1	52	0.739995000
DUF4548	1	166	1.000000000
DUF4554	1	452	0.797034700
DUF4555	1	284	1.000000000
DUF4557	1	206	1.000000000
DUF4572	1	195	1.000000000
DUF4587	1	41	0.443938100
DUF4598	1	110	1.000000000
DUF4613	1	671	0.601894200
DUF4614	1	182	1.000000000
DUF4616	1	537	0.705425400
DUF4619	1	221	1.000000000
DUF4638	1	264	1.000000000
DUF4640	1	161	1.000000000
DUF4644	1	158	1.000000000
DUF4650	1	520	0.721933800
DUF4653	1	229	1.000000000
DUF4658	1	129	1.000000000
DUF525	1	93	1.000000000
DUF572	1	396	0.867138100
DUF605	1	129	1.000000000
DUF663	1	287	1.000000000
DUF667	1	192	1.000000000
DUF737	1	162	1.000000000
DUF747	1	312	0.995531400
DUF758	1	186	1.000000000
DUF778	1	118	1.000000000
DUF788	1	165	1.000000000
DUF842	1	131	1.000000000
DUF846	1	134	1.000000000
DUF89	1	400	0.862054700
DUSP	1	93	1.000000000
Dymeclin	1	646	0.617686200
Dynactin_p22	1	57	0.861517100
Dysbindin	1	164	1.000000000
E_Pc_C	1	231	1.000000000
EAP30	1	167	1.000000000
EBP	1	191	1.000000000
EF1_GNE	1	87	1.000000000
EFG_II	1	68	1.000000000
EFG_IV	1	122	1.000000000
EF-hand_1	1	29	0.150545800
EI24	1	229	1.000000000
eIF-3_zeta	1	521	0.720940400
eIF-3c_N	1	466	0.780237600
EMI	1	70	1.000000000
EMP70	1	508	0.734082500
Enolase_N	1	133	1.000000000
EnY2	1	86	1.000000000
EPTP	1	45	0.554929500
eRF1_1	1	131	1.000000000
Erf4	1	115	1.000000000
Erv26	1	188	1.000000000
ETC_C1_NDUFA4	1	100	1.000000000
EVE	1	165	1.000000000
FA_desaturase	1	218	1.000000000
FAD_binding_3	1	110	1.000000000
FAM117	1	190	1.000000000
FAM176	1	140	1.000000000
FAM177	1	123	1.000000000
FAM181	1	280	1.000000000
FAM198	1	316	0.988277000
FAM217	1	225	1.000000000
FAM24	1	73	1.000000000
FAM91_C	1	451	0.798264300
FAM91_N	1	307	1.000000000
Fanconi_C	1	467	0.779066700
FAST_2	1	92	1.000000000
F-box	1	38	0.364793400
FCP1_C	1	246	1.000000000
Fer2	1	71	1.000000000
Fer4_12	1	129	1.000000000
Fe-S_biosyn	1	103	1.000000000
FEZ	1	63	0.958407100
FG-GAP	1	37	0.336408200
Flavodoxin_2	1	99	1.000000000
Flt3_lig	1	90	1.000000000
fn1	1	36	0.312506100
fn2	1	42	0.473004900
FoP_duplication	1	71	1.000000000
Fork_head_N	1	153	1.000000000
FragX_IP	1	865	0.503639800
Frataxin_Cyay	1	73	1.000000000
Fructosamin_kin	1	308	1.000000000
FSH1	1	218	1.000000000
FSIP1	1	394	0.869708800
FtsK_SpoIIIE	1	87	1.000000000
FYVE_2	1	102	1.000000000
Gal_Lectin	1	84	1.000000000
Gal_mutarotas_2	1	67	1.000000000
GAPT	1	68	1.000000000
GARS_N	1	102	1.000000000
GAS	1	201	1.000000000
GAS2	1	73	1.000000000
Gastrin	1	101	1.000000000
GAT	1	102	1.000000000
Gate	1	103	1.000000000
GCC2_GCC3	1	47	0.609598900
Gemin6	1	68	1.000000000
Gemin7	1	80	1.000000000
GHBP	1	308	1.000000000
GHMP_kinases_N	1	40	0.418548700
GIDA	1	387	0.878862600
Gly_acyl_tr_C	1	89	1.000000000
Gly_acyl_tr_N	1	205	1.000000000
Glyco_hydro_2_N	1	190	1.000000000
Glyco_hydro_30	1	494	0.748811900
Glyco_hydro_63	1	790	0.537306100
Glyco_hydro_79n	1	219	1.000000000
Glyco_hydro_85	1	284	1.000000000
Glyco_trans_1_4	1	97	1.000000000
Glyco_transf_43	1	205	1.000000000
Glyco_transf_54	1	307	1.000000000
Glycos_transf_3	1	232	1.000000000
GN3L_Grn1	1	78	1.000000000
GNAT_acetyltr_2	1	226	1.000000000
GNT-I	1	433	0.821120900
Got1	1	116	1.000000000
G-patch	1	45	0.554929500
GpcrRhopsn4	1	255	1.000000000
GRIN_C	1	113	1.000000000
GSH_synth_ATP	1	268	1.000000000
GTP_EFTU_D2	1	70	1.000000000
GTP_EFTU_D3	1	96	1.000000000
Gtr1_RagA	1	227	1.000000000
Guanylin	1	87	1.000000000
HATPase_c	1	91	1.000000000
hEGF	1	13	0.000136185
Helicase_C_2	1	177	1.000000000
Hepsin-SRCR	1	110	1.000000000
HEXIM	1	139	1.000000000
HGTP_anticodon2	1	256	1.000000000
HHH_2	1	54	0.790627500
Hid1	1	785	0.539720500
HIF-1a_CTAD	1	40	0.418548700
HIN	1	168	1.000000000
Hira	1	175	1.000000000
HMG_box_2	1	74	1.000000000
HMG14_17	1	46	0.581303800
HMG-CoA_red	1	383	0.884205700
HNF_C	1	65	0.985719800
HNF-1A_C	1	89	1.000000000
Hormone_6	1	94	1.000000000
HoxA13_N	1	115	1.000000000
HPS3_C	1	354	0.925613500
HPS3_Mid	1	389	0.876222100
Hrs_helical	1	96	1.000000000
HSF_DNA-bind	1	112	1.000000000
Hyd_WA	1	34	0.261573500
I_LWEQ	1	152	1.000000000
IATP	1	63	0.958407100
ICAP-1_inte_bdg	1	200	1.000000000
Ifi-6-16	1	83	1.000000000
IFT43	1	137	1.000000000
IFT57	1	359	0.918117700
IIGP	1	383	0.884205700
IL1_propep	1	109	1.000000000
IL13	1	43	0.501264500
IL17	1	81	1.000000000
IL22	1	139	1.000000000
IL31	1	136	1.000000000
IL33	1	264	1.000000000
IL4Ra_N	1	95	1.000000000
IL6	1	154	1.000000000
ING	1	69	1.000000000
Ins145_P3_rec	1	226	1.000000000
Integrin_alpha	1	15	0.001184166
Interfer-bind	1	99	1.000000000
INTS5_C	1	710	0.578945100
Ion_trans_N	1	77	1.000000000
IP_trans	1	252	1.000000000
IRF	1	110	1.000000000
IRK_N	1	47	0.609598900
ISK_Channel	1	72	1.000000000
Josephin	1	161	1.000000000
KAT11	1	307	1.000000000
Kelch_2	1	60	0.914904200
Kelch_6	1	62	0.944257700
Keratin_B2	1	167	1.000000000
Keratin_matx	1	97	1.000000000
ketoacyl-synt	1	239	1.000000000
Kin17_mid	1	127	1.000000000
Kinetochor_Ybp2	1	561	0.683409500
Kinocilin	1	124	1.000000000
Ku	1	204	1.000000000
Ku_C	1	99	1.000000000
Ku_PK_bind	1	120	1.000000000
L27	1	55	0.814901300
Lactamase_B_2	1	216	1.000000000
Lactamase_B_4	1	60	0.914904200
Laminin_I	1	265	1.000000000
LAP2alpha	1	234	1.000000000
LCAT	1	328	0.967315700
LCM	1	196	1.000000000
Ldh_1_N	1	140	1.000000000
Leo1	1	165	1.000000000
Lipocalin_2	1	146	1.000000000
LLC1	1	120	1.000000000
LNS2	1	157	1.000000000
LRR19-TM	1	90	1.000000000
LRRC37AB_C	1	153	1.000000000
LSM	1	66	0.998908000
Maf_N	1	35	0.287585900
Maf1	1	179	1.000000000
MAGE_N	1	95	1.000000000
Mago_nashi	1	143	1.000000000
Malic_M	1	253	1.000000000
Man-6-P_recep	1	67	1.000000000
MANEC	1	94	1.000000000
Mannosyl_trans2	1	59	0.899670600
MaoC_dehydrat_N	1	131	1.000000000
MaoC_dehydratas	1	122	1.000000000
MAP65_ASE1	1	579	0.667803800
MAP7	1	170	1.000000000
MAS20	1	121	1.000000000
MAT1	1	200	1.000000000
Matrilin_ccoil	1	47	0.609598900
MEA1	1	172	1.000000000
Med17	1	455	0.793370100
Med20	1	198	1.000000000
Med29	1	144	1.000000000
Med6	1	129	1.000000000
Membr_traf_MHD	1	108	1.000000000
Mesd	1	184	1.000000000
Met_synt_B12	1	284	1.000000000
Metallothi_Euk2	1	80	1.000000000
Methyltransf_11	1	72	1.000000000
Methyltransf_18	1	123	1.000000000
Methyltransf_2	1	128	1.000000000
Methyltransf_22	1	231	1.000000000
Methyltrn_RNA_3	1	292	1.000000000
MGAT2	1	355	0.924101600
MGC-24	1	162	1.000000000
Microtub_assoc	1	46	0.581303800
Miff	1	291	1.000000000
MIT	1	69	1.000000000
mit_SMPDase	1	457	0.790947100
MM_CoA_mutase	1	516	0.725936300
MMR_HSR1	1	97	1.000000000
MMS22L_C	1	378	0.891003500
Mod_r	1	150	1.000000000
MOR2-PAG1_C	1	263	1.000000000
MOR2-PAG1_mid	1	188	1.000000000
Motilin_assoc	1	54	0.790627500
MOZ_SAS	1	193	1.000000000
MRAP	1	87	1.000000000
MRFAP1	1	127	1.000000000
MRP-L28	1	155	1.000000000
MRP-L51	1	91	1.000000000
MRP-S35	1	78	1.000000000
MT-A70	1	162	1.000000000
MTBP_C	1	259	1.000000000
MTBP_mid	1	36	0.312506100
Muskelin_N	1	115	1.000000000
MutS_I	1	116	1.000000000
Myb_Cef	1	257	1.000000000
Myb_DNA-bind_4	1	86	1.000000000
Myf5	1	70	1.000000000
N1221	1	267	1.000000000
N2227	1	266	1.000000000
NAD_binding_11	1	122	1.000000000
NAD_binding_2	1	163	1.000000000
NAD_binding_3	1	112	1.000000000
NARG2_C	1	214	1.000000000
Nbas_N	1	282	1.000000000
Nbs1_C	1	65	0.985719800
NCU-G1	1	348	0.934820700
Ndc80_HEC	1	167	1.000000000
NDUF_B6	1	128	1.000000000
Neogenin_C	1	300	1.000000000
Nexin_C	1	106	1.000000000
NfI_DNAbd_pre-N	1	41	0.443938100
NGF	1	115	1.000000000
Njmu-R1	1	84	1.000000000
NmrA	1	234	1.000000000
NMT	1	160	1.000000000
NMT_C	1	188	1.000000000
NOA36	1	313	0.993704800
Noc2	1	299	1.000000000
Nop	1	149	1.000000000
Nop52	1	213	1.000000000
Not3	1	234	1.000000000
Nsp1_C	1	116	1.000000000
NtA	1	128	1.000000000
NTR	1	103	1.000000000
NUC194	1	398	0.864586800
Nucleoporin_C	1	526	0.716015900
Nucleos_tra2_N	1	75	1.000000000
NUFIP2	1	601	0.649690800
Nup160	1	112	1.000000000
NUT_N	1	325	0.972447000
Occludin_ELL	1	102	1.000000000
OCIA	1	118	1.000000000
Ocular_alb	1	404	0.857046900
O-FucT	1	366	0.907882900
Olfactory_mark	1	152	1.000000000
OPA3	1	133	1.000000000
Opiods_neuropep	1	23	0.050662200
Orai-1	1	238	1.000000000
ORC5_C	1	256	1.000000000
Orexin	1	131	1.000000000
OTU	1	160	1.000000000
Oxidored_q6	1	105	1.000000000
P19Arf_N	1	51	0.714325700
p25-alpha	1	165	1.000000000
P33MONOX	1	292	1.000000000
P5CR_dimer	1	102	1.000000000
PaaSYMP	1	154	1.000000000
PAD_N	1	111	1.000000000
Paf1	1	420	0.837736500
Palm_thioest	1	279	1.000000000
PALP	1	300	1.000000000
PAP2_C	1	74	1.000000000
PAPS_reduct	1	93	1.000000000
ParA	1	84	1.000000000
ParcG	1	149	1.000000000
PAXIP1_C	1	136	1.000000000
PBP_sp32	1	240	1.000000000
PCAF_N	1	252	1.000000000
PC-Esterase	1	213	1.000000000
PCI_Csn8	1	140	1.000000000
PDZ_2	1	93	1.000000000
PEHE	1	119	1.000000000
Peptidase_A22B	1	310	0.999211100
Peptidase_C1_2	1	447	0.803224000
Peptidase_C12	1	214	1.000000000
Peptidase_C65	1	230	1.000000000
Peptidase_C78	1	186	1.000000000
Peptidase_C98	1	274	1.000000000
Peptidase_M16	1	147	1.000000000
Peroxin-13_N	1	157	1.000000000
Peroxin-3	1	97	1.000000000
Pex2_Pex12	1	201	1.000000000
Pex26	1	305	1.000000000
PfkB	1	300	1.000000000
PGC7_Stella	1	155	1.000000000
PGI	1	493	0.749887800
Phospholip_B	1	185	1.000000000
PHR	1	147	1.000000000
PI3K_1B_p101	1	158	1.000000000
PI3K_p85B	1	78	1.000000000
PIG-U	1	385	0.881523800
PLA2G12	1	133	1.000000000
PLC-beta_C	1	187	1.000000000
PMI_typeI	1	377	0.892379300
PMT_2	1	181	1.000000000
POLO_box	1	72	1.000000000
polyprenyl_synt	1	273	1.000000000
POM121	1	233	1.000000000
PP1c_bdg	1	84	1.000000000
PPI_Ypi1	1	31	0.191984900
PPP4R2	1	266	1.000000000
PPR	1	29	0.150545800
PPR_3	1	36	0.312506100
Prenylcys_lyase	1	375	0.895147300
Prenyltrans	1	45	0.554929500
Pre-SET	1	115	1.000000000
PRKCSH	1	74	1.000000000
PrmA	1	91	1.000000000
PRO8NT	1	152	1.000000000
Profilin	1	120	1.000000000
PROL5-SMR	1	111	1.000000000
Propep_M14	1	76	1.000000000
Protamine_P2	1	95	1.000000000
PseudoU_synth_2	1	173	1.000000000
PSP94	1	82	1.000000000
PTPLA	1	161	1.000000000
Pur_DNA_glyco	1	182	1.000000000
PYC_OADA	1	182	1.000000000
Pyr_redox_dim	1	112	1.000000000
Pyrid_oxidase_2	1	167	1.000000000
RabGGT_insert	1	104	1.000000000
Rad21_Rec8	1	55	0.814901300
Rad60-SLD	1	67	1.000000000
Rad60-SLD_2	1	107	1.000000000
Radial_spoke	1	491	0.752049800
RAG1	1	419	0.838910900
RAG2	1	339	0.949087400
RAP	1	60	0.914904200
RBFA	1	106	1.000000000
RD3	1	131	1.000000000
RDD	1	161	1.000000000
REC114-like	1	241	1.000000000
Redoxin	1	152	1.000000000
Rep_fac-A_3	1	109	1.000000000
ResIII	1	160	1.000000000
Response_reg	1	117	1.000000000
Retinal	1	1264	0.461190700
RF-1	1	140	1.000000000
RFX1_trans_act	1	164	1.000000000
Rhomboid_SP	1	209	1.000000000
Ribonuc_P_40	1	274	1.000000000
Ribonuc_red_lgC	1	525	0.716995200
Ribonuc_red_sm	1	282	1.000000000
Ribonuclease_3	1	103	1.000000000
Ribonuclease_T2	1	157	1.000000000
Ribophorin_II	1	627	0.630314600
Ribosomal_60s	1	98	1.000000000
Ribosomal_L10	1	92	1.000000000
Ribosomal_L19e	1	148	1.000000000
Ribosomal_L24e	1	74	1.000000000
Ribosomal_L28e	1	115	1.000000000
Ribosomal_L29	1	59	0.899670600
Ribosomal_L35Ae	1	100	1.000000000
Ribosomal_L44	1	47	0.609598900
Ribosomal_L7Ae	1	90	1.000000000
Ribosomal_S11	1	119	1.000000000
Ribosomal_S19	1	82	1.000000000
Ribosomal_S21e	1	59	0.899670600
Ribosomal_S3Ae	1	211	1.000000000
Ribosomal_S6	1	95	1.000000000
Ribosomal_S7	1	114	1.000000000
Ribosomal_S9	1	123	1.000000000
RIG-I_C-RD	1	122	1.000000000
RIIa	1	36	0.312506100
RILP	1	60	0.914904200
RINT1_TIP1	1	482	0.761944400
Ripply	1	88	1.000000000
RLL	1	244	1.000000000
RNA_pol_A_bac	1	128	1.000000000
RNA_pol_Rpa2_4	1	59	0.899670600
RNA_pol_Rpb1_1	1	349	0.933269700
RNA_pol_Rpb1_5	1	478	0.766431400
RNA_pol_Rpb2_1	1	414	0.844846600
RNA_pol_Rpb2_7	1	93	1.000000000
RNA_pol_Rpb5_C	1	74	1.000000000
RNA_pol_Rpb6	1	52	0.739995000
RNase_H	1	146	1.000000000
RNase_HII	1	211	1.000000000
RPA_interact_C	1	83	1.000000000
RR_TM4-6	1	290	1.000000000
rRNA_processing	1	105	1.000000000
RrnaAD	1	284	1.000000000
Rrp15p	1	126	1.000000000
Rtt106	1	91	1.000000000
Rubis-subs-bind	1	119	1.000000000
RWD	1	107	1.000000000
SAC3_GANP	1	198	1.000000000
Saccharop_dh	1	437	0.815919900
S-AdoMet_synt_C	1	138	1.000000000
SAM_PNT	1	83	1.000000000
SAP18	1	122	1.000000000
SARA	1	41	0.443938100
Sas10	1	76	1.000000000
SBP56	1	467	0.779066700
SCF	1	273	1.000000000
SCRG1	1	78	1.000000000
SDA1	1	279	1.000000000
Sec10	1	619	0.635805100
Sec3_C	1	703	0.582923000
Sec34	1	157	1.000000000
SEEK1	1	149	1.000000000
SEFIR	1	159	1.000000000
Sen15	1	102	1.000000000
SERTA	1	38	0.364793400
SGL	1	249	1.000000000
SH2_2	1	221	1.000000000
Shisa	1	185	1.000000000
SHQ1	1	189	1.000000000
SHS2_Rpb7-N	1	70	1.000000000
Shugoshin_N	1	44	0.528554700
Sin3_corepress	1	101	1.000000000
SIP1	1	247	1.000000000
SIR2_2	1	151	1.000000000
SLAM	1	126	1.000000000
SLBP_RNA_bind	1	74	1.000000000
SLY	1	150	1.000000000
Sod_Fe_C	1	108	1.000000000
Solute_trans_a	1	217	1.000000000
Sorting_nexin	1	133	1.000000000
SOUL	1	178	1.000000000
Sox_C_TAD	1	216	1.000000000
SOXp	1	130	1.000000000
SPATA6	1	126	1.000000000
SPATIAL	1	195	1.000000000
Spin-Ssty	1	46	0.581303800
SPOC	1	50	0.689327000
Spp-24	1	139	1.000000000
SPRR2	1	68	1.000000000
SPT2	1	107	1.000000000
Spt4	1	78	1.000000000
SPX	1	176	1.000000000
Spy1	1	131	1.000000000
SRP40_C	1	74	1.000000000
SSDP	1	261	1.000000000
SSrecog	1	212	1.000000000
STAT_bind	1	252	1.000000000
STAT_int	1	125	1.000000000
Stathmin	1	140	1.000000000
Sterile	1	94	1.000000000
Steroid_dh	1	155	1.000000000
STOP	1	215	1.000000000
Strabismus	1	500	0.742423500
Succ_DH_flav_C	1	153	1.000000000
SUFU_C	1	222	1.000000000
Sushi_2	1	85	1.000000000
SUZ	1	56	0.838521500
SVA	1	124	1.000000000
SYF2	1	150	1.000000000
Synaptobrevin	1	62	0.944257700
SYS1	1	74	1.000000000
T_cell_tran_alt	1	91	1.000000000
TAF1_subA	1	128	1.000000000
TAFH	1	96	1.000000000
TAFII28	1	70	1.000000000
TauD	1	258	1.000000000
TBCC	1	118	1.000000000
TBD	1	51	0.714325700
Tcp10_C	1	179	1.000000000
Telethonin	1	167	1.000000000
TEX15	1	213	1.000000000
TF_Otx	1	83	1.000000000
TFCD_C	1	193	1.000000000
TFIID-31kDa	1	129	1.000000000
TFIIE_beta	1	74	1.000000000
TFIIF_alpha	1	516	0.725936300
TFIIF_beta	1	101	1.000000000
TFIIS_C	1	41	0.443938100
TFR_dimer	1	53	0.765669800
TGT	1	238	1.000000000
Thg1C	1	131	1.000000000
Thioredoxin_7	1	82	1.000000000
Thymidylate_kin	1	181	1.000000000
Thymosin	1	41	0.443938100
TIMELESS	1	265	1.000000000
TIMELESS_C	1	480	0.764181000
TIMP	1	126	1.000000000
TIP49	1	131	1.000000000
Tis11B_N	1	144	1.000000000
TLV_coat	1	266	1.000000000
TM140	1	181	1.000000000
TMC	1	116	1.000000000
TMCO5	1	217	1.000000000
TMEM117	1	415	0.843651000
TMEM138	1	121	1.000000000
TMEM154	1	142	1.000000000
TMEM206	1	297	1.000000000
TMEM219	1	249	1.000000000
TMEM220	1	91	1.000000000
TMEM51	1	235	1.000000000
Tmemb_170	1	105	1.000000000
TMF_DNA_bd	1	71	1.000000000
TP_methylase	1	241	1.000000000
TP1	1	54	0.790627500
TP2	1	136	1.000000000
TPP1	1	107	1.000000000
TraB	1	290	1.000000000
Transcrip_reg	1	237	1.000000000
Transketolase_N	1	65	0.985719800
TRAP_beta	1	181	1.000000000
TRAP-delta	1	167	1.000000000
TRAPPC10	1	230	1.000000000
TRAPPC-Trs85	1	454	0.794587600
Treslin_N	1	798	0.533490200
tRNA_bind_2	1	122	1.000000000
tRNA-synt_1g	1	367	0.906444700
tRNA-synt_2c	1	589	0.659444800
Tropomodulin	1	145	1.000000000
Trp_dioxygenase	1	65	0.985719800
Trypsin_2	1	139	1.000000000
U3_assoc_6	1	84	1.000000000
UAE_UbL	1	90	1.000000000
UBA	1	34	0.261573500
UBA_e1_C	1	123	1.000000000
UBA_e1_thiolCys	1	45	0.554929500
UBACT	1	69	1.000000000
Ubiq_cyt_C_chap	1	141	1.000000000
U-box	1	73	1.000000000
UDP-g_GGTase	1	207	1.000000000
UDPG_MGDP_dh_N	1	191	1.000000000
UFD1	1	177	1.000000000
UPF0066	1	124	1.000000000
UPF0086	1	88	1.000000000
UPF0121	1	247	1.000000000
UPF0160	1	323	0.975907500
UPF0193	1	217	1.000000000
UPF0239	1	85	1.000000000
UPF0449	1	62	0.944257700
UPF0552	1	224	1.000000000
Utp14	1	721	0.572811400
UvrD_C_2	1	153	1.000000000
vATP-synt_E	1	199	1.000000000
VBS	1	125	1.000000000
VEFS-Box	1	138	1.000000000
VIT	1	118	1.000000000
Vma12	1	131	1.000000000
Vps23_core	1	49	0.663566400
Vps26	1	276	1.000000000
Vps4_C	1	51	0.714325700
Vps51	1	82	1.000000000
V-SNARE_C	1	66	0.998908000
VWA_N	1	116	1.000000000
WAPL	1	364	0.910777000
WASH-7_mid	1	350	0.931725300
WBS28	1	265	1.000000000
WHEP-TRS	1	56	0.838521500
WHIM3	1	222	1.000000000
WRW	1	39	0.392188300
WTX	1	452	0.797034700
WW	1	30	0.170566600
XendoU	1	272	1.000000000
Xin	1	16	0.002612524
XRCC1_N	1	96	1.000000000
YdjC	1	284	1.000000000
YIF1	1	110	1.000000000
Yippee-Mis18	1	98	1.000000000
YjeF_N	1	167	1.000000000
YL1	1	215	1.000000000
YqgF	1	157	1.000000000
zf-4CXXC_R1	1	101	1.000000000
zf-C2H2_7	1	54	0.790627500
zf-C2HC_2	1	25	0.078609820
zf-C4_Topoisom	1	40	0.418548700
zf-C5HC2	1	55	0.814901300
zf-CCHC	1	18	0.008708045
zf-DNL	1	68	1.000000000
zf-FCS	1	39	0.392188300
zf-MYND	1	33	0.237698100
zf-RNPHF	1	36	0.312506100
zf-SNAP50_C	1	94	1.000000000
zf-TRAF	1	57	0.861517100
zf-U11-48K	1	27	0.112253400