Pfam_domain	Snp_count	Domain_length	locfdr
zf-H2C2_2	653	11830	0.005410783
Pkinase	608	57445	1.000000000
I-set	541	18048	0.465760600
Cadherin	459	19788	0.724813000
fn3	446	14201	0.408106400
7tm_1	338	45346	1.000000000
Ras	286	10869	0.612968100
7tm_4	281	22153	1.000000000
Ion_trans	253	18163	1.000000000
Spectrin	242	7604	0.391476100
Pkinase_Tyr	232	22005	1.000000000
P53	223	699	0.000000000
WD40	209	3324	0.000759659
Ank_2	189	8334	0.741934900
PI3Ka	182	782	0.000000000
Myosin_head	155	22479	1.000000000
Collagen	151	5845	0.631782100
HSP70	142	7130	0.819478200
PDZ	137	4816	0.528060800
Trypsin	127	12677	1.000000000
PH	126	5936	0.784953100
Ig_2	121	6525	0.852072600
RRM_1	115	4484	0.639119300
UCH	114	18331	1.000000000
CUB	113	5532	0.806294800
Histone	111	2388	0.039512110
MFS_1	111	17223	1.000000000
Y_phosphatase	106	6836	1.000000000
ANF_receptor	103	10505	1.000000000
LRR_8	103	3826	0.589359300
Sushi	102	3490	0.496518700
C2	99	4856	0.807307400
p450	96	21323	1.000000000
V-set	93	5949	1.000000000
VWA	93	7236	1.000000000
RhoGEF	91	5094	0.889369500
Laminin_G_2	88	5307	1.000000000
Hormone_recep	87	4916	0.906349100
Kinesin	86	9828	1.000000000
KRAB	86	2034	0.089859410
Keratin_B2_2	83	1152	0.000065534
Filament	80	11767	1.000000000
HECT	77	6690	1.000000000
BTB	74	4205	0.916484600
Sugar_tr	74	9761	1.000000000
Myosin_tail_1	73	11447	1.000000000
Neur_chan_memb	73	5661	1.000000000
Lectin_C	72	3968	0.861370100
Serpin	72	9273	1.000000000
ABC_membrane	71	8119	1.000000000
EGF_CA	70	1754	0.135659800
Sema	70	10709	1.000000000
AMP-binding	69	11261	1.000000000
RhoGAP	67	4128	1.000000000
Filamin	65	2658	0.682156900
TSP_1	64	2026	0.400827600
SNF2_N	62	7082	1.000000000
Homeobox	59	2420	0.684873700
SH2	59	2321	0.647223200
7tm_2	58	6533	1.000000000
LIM	58	1760	0.347732300
Mito_carr	56	3714	1.000000000
Neur_chan_LBD	56	6335	1.000000000
SPRY	56	3792	1.000000000
CH	54	2705	0.818253300
G-alpha	54	4914	1.000000000
Actin	53	9002	1.000000000
Guanylate_kin	53	2206	0.697771500
Helicase_C	52	2433	0.780637300
MHC_I	52	2839	0.857368700
SMC_N	52	6961	1.000000000
UDPGT	51	6352	1.000000000
MAGE	49	3645	1.000000000
Gla	48	119	0.000000000
Peptidase_C14	48	2518	0.840131300
PDEase_I	47	3121	1.000000000
PMP22_Claudin	47	2927	1.000000000
SNF	47	8384	1.000000000
COesterase	46	6588	1.000000000
E1-E2_ATPase	46	4527	1.000000000
Laminin_EGF	46	1368	0.322813400
MAGE_N	46	948	0.025618870
C1-set	45	1692	0.601964400
ABC_tran	44	4013	1.000000000
Pep_M12B_propep	44	2421	0.860687300
SCAN	44	1909	0.729660500
EF-hand_7	43	2358	0.859248800
Kelch_1	43	1569	0.570474700
Anoctamin	42	4591	1.000000000
SRCR	42	1658	0.650391800
RabGAP-TBC	41	4166	1.000000000
Vinculin	41	3582	1.000000000
Ank	39	510	0.000020201
Dynein_heavy	39	8141	1.000000000
Sulfotransfer_1	39	4311	1.000000000
TPR_11	39	1920	0.809225700
DEAD	38	4938	1.000000000
EGF	38	861	0.063746660
Furin-like	38	808	0.035092780
RasGEF	38	3410	1.000000000
Cullin	37	4069	1.000000000
Reprolysin	37	3557	1.000000000
adh_short	36	3145	1.000000000
Integrin_alpha2	36	6551	1.000000000
RGS	36	1792	0.814982800
zf-C2H2	36	628	0.003196882
Adaptin_N	35	3921	1.000000000
Aldo_ket_red	35	3421	1.000000000
An_peroxidase	35	4783	1.000000000
CNH	35	4127	1.000000000
DSPc	35	1460	0.699478100
Plectin	35	257	0.000000000
Aldedh	34	6767	1.000000000
FERM_M	34	2386	1.000000000
Glyco_hydro_31	34	3825	1.000000000
KH_1	34	1445	0.713882800
Nebulin	34	405	0.000002857
Peptidase_C2	34	2857	1.000000000
Aa_trans	33	4769	1.000000000
ABC2_membrane_3	33	6288	1.000000000
AF-4	33	5259	1.000000000
Peptidase_M14	33	3825	1.000000000
PI-PLC-X	33	1976	1.000000000
SET	33	2347	1.000000000
AAA	32	2256	1.000000000
HLH	32	1103	0.505364000
Laminin_N	32	2361	1.000000000
PI3_PI4_kinase	32	2717	1.000000000
SH3_9	32	914	0.273669000
DHC_N2	31	3757	1.000000000
GOLGA2L5	31	2900	1.000000000
Hydrolase	31	3774	1.000000000
TGFb_propeptide	31	3121	1.000000000
AAA_6	30	2158	1.000000000
BTB_2	30	1984	1.000000000
Plexin_cytopl	30	4003	1.000000000
RA	30	1096	0.571862400
VWD	30	1866	1.000000000
Ig_3	29	1361	0.782549800
Peptidase_M1	29	4402	1.000000000
Lig_chan	28	3047	1.000000000
Metallophos	28	3106	1.000000000
PTEN_C2	28	817	0.299063000
RRM_6	28	1114	0.657479500
SH3_2	28	882	0.394615200
TAS2R	28	3887	1.000000000
TTL	28	3766	1.000000000
Arf	27	2824	1.000000000
Exo_endo_phos	27	4525	1.000000000
F5_F8_type_C	27	2014	1.000000000
Glyco_transf_29	27	4297	1.000000000
OATP	27	6410	1.000000000
Patched	27	3895	1.000000000
PID	27	1857	1.000000000
Tetraspannin	27	3266	1.000000000
AAA_11	26	2130	1.000000000
Amino_oxidase	26	3476	1.000000000
FAM47	26	1398	0.850823200
HCO3_cotransp	26	3786	1.000000000
NACHT	26	1860	1.000000000
TIG	26	1728	1.000000000
zf-DHHC	26	2032	1.000000000
Cation_ATPase_C	25	1551	1.000000000
DHC_N1	25	3577	1.000000000
Guanylate_cyc	25	2985	1.000000000
Calx-beta	24	1437	1.000000000
FH2	24	3000	1.000000000
Integrin_beta	24	3816	1.000000000
IRK	24	2967	1.000000000
MH1	24	735	0.359007900
MIR	24	482	0.019379090
Peptidase_M13_N	24	1966	1.000000000
Sulfatase	24	3463	1.000000000
ADAM_spacer1	23	1061	0.771695500
Arm	23	742	0.424439900
C2-set_2	23	962	0.701552500
GTP_EFTU	23	2969	1.000000000
Keratin_B2	23	434	0.009194696
Mab-21	23	1546	1.000000000
Na_H_Exchanger	23	3809	1.000000000
Oxysterol_BP	23	3497	1.000000000
PHD	23	494	0.038792130
Phosphodiest	23	2249	1.000000000
AA_permease	22	2447	1.000000000
AAA_8	22	2180	1.000000000
Aminotran_1_2	22	4057	1.000000000
CD36	22	1356	1.000000000
DPPIV_N	22	2320	1.000000000
Glutenin_hmw	22	349	0.000722712
Ldl_recept_a	22	761	0.509463700
Myotub-related	22	4043	1.000000000
OLF	22	2280	1.000000000
PX	22	1427	1.000000000
Rap_GAP	22	1125	0.828879700
AAA_12	21	2048	1.000000000
APOBEC_N	21	1445	1.000000000
ASC	21	3997	1.000000000
Med12-LCEWAV	21	473	0.060208450
Recep_L_domain	21	657	0.386019700
Sec1	21	3022	1.000000000
Tubulin	21	2687	1.000000000
Cadherin_C	20	1927	1.000000000
Dispanin	20	386	0.012080500
Fork_head	20	1175	0.975983500
UQ_con	20	1712	1.000000000
AA_permease_2	19	4373	1.000000000
AAA_9	19	1795	1.000000000
Bromodomain	19	838	0.742106300
cNMP_binding	19	957	0.821093600
Ded_cyto	19	1274	1.000000000
DOCK-C2	19	755	0.656365800
Fibrinogen_C	19	2228	1.000000000
Glyco_hydro_15	19	2659	1.000000000
Glycos_transf_2	19	2000	1.000000000
HAD	19	4535	1.000000000
Ldl_recept_b	19	655	0.505530000
Metallothio	19	183	0.000000018
PLAT	19	1336	1.000000000
PP2C	19	2442	1.000000000
RCC1	19	573	0.340121900
SAM_1	19	747	0.646685900
START	19	1619	1.000000000
Sulfotransfer_2	19	2200	1.000000000
wnt	19	3018	1.000000000
Zip	19	2195	1.000000000
A2M_comp	18	1879	1.000000000
bZIP_Maf	18	639	0.539305200
Cadherin_2	18	1018	0.907939300
Cpn60_TCP1	18	3790	1.000000000
CRAL_TRIO_2	18	1186	1.000000000
DnaJ	18	636	0.533920700
DUF3497	18	1522	1.000000000
Dynamin_N	18	1443	1.000000000
Glyco_transf_8	18	1730	1.000000000
Glypican	18	3347	1.000000000
LCE	18	670	0.591500300
Lipase	18	2598	1.000000000
MAM	18	1436	1.000000000
Med23	18	1313	1.000000000
NHS	18	641	0.542873900
Pro-rich	18	1046	0.956571600
Reticulon	18	642	0.544652000
Treacle	18	718	0.659823600
ubiquitin	18	958	0.846409800
UPF0560	18	1639	1.000000000
7tm_3	17	3148	1.000000000
ArfGap	17	922	0.854530700
BRCT	17	505	0.321423400
C1q	17	1405	1.000000000
DENN	17	1343	1.000000000
Glyco_hydro_47	17	2631	1.000000000
GRAM	17	465	0.223201500
HRM	17	247	0.000150456
IQ	17	146	0.000000001
Laminin_G_1	17	1367	1.000000000
LRR_4	17	575	0.482560100
PAP2	17	1369	1.000000000
Peptidase_C1	17	2522	1.000000000
PI3K_p85B	17	78	0.000000000
RasGEF_N	17	527	0.374420600
RB_A	17	266	0.000568519
zf-C4	17	686	0.670255700
Carb_anhydrase	16	2397	1.000000000
Drf_GBD	16	1058	1.000000000
FERM_C	16	937	0.970319500
Ferric_reduct	16	941	0.977865500
FKBP_C	16	836	0.838395200
ig	16	638	0.659508600
LRR_9	16	1387	1.000000000
Peptidase_C48	16	1255	1.000000000
RasGAP	16	1363	1.000000000
SDF	16	2967	1.000000000
Sec7	16	1214	1.000000000
SH3_1	16	431	0.207043400
Sulfate_transp	16	2081	1.000000000
TUDOR	16	1382	1.000000000
Acyl-CoA_dh_1	15	915	1.000000000
BACK	15	1127	1.000000000
Beach	15	1930	1.000000000
Carn_acyltransf	15	4105	1.000000000
Clat_adaptor_s	15	968	1.000000000
Crystall	15	828	0.863893600
DAGK_cat	15	666	0.747121200
DUF3451	15	882	0.977489300
F-box-like	15	304	0.021199730
FERM_N	15	582	0.634183100
FGF	15	1319	1.000000000
FMO-like	15	1789	1.000000000
Hemopexin	15	594	0.653236800
Hist_deacetyl	15	2209	1.000000000
HMG_box	15	681	0.761542900
KCNQ_channel	15	817	0.856353600
Macro	15	658	0.738009600
NAP	15	1344	1.000000000
NPIP	15	497	0.457393300
NUDIX	15	1476	1.000000000
PAS_11	15	766	0.828180300
Pentaxin	15	1346	1.000000000
Peptidase_M24	15	1152	1.000000000
Peptidase_S8	15	1727	1.000000000
PMG	15	1107	1.000000000
Prefoldin_2	15	603	0.666837500
PRY	15	282	0.008719016
Septin	15	986	1.000000000
Spc97_Spc98	15	3045	1.000000000
SSF	15	3188	1.000000000
Thioredoxin	15	1013	1.000000000
TIR	15	1286	1.000000000
Xlink	15	760	0.824138500
Zona_pellucida	15	1736	1.000000000
AKAP_110	14	1444	1.000000000
Amidohydro_1	14	1534	1.000000000
B56	14	2453	1.000000000
BAR	14	1773	1.000000000
BRO1	14	2056	1.000000000
DNA_pol_B	14	1360	1.000000000
DUF1908	14	828	0.987763500
EF-hand_2	14	484	0.508811400
Galactosyl_T	14	1527	1.000000000
MH2	14	974	1.000000000
MYT1	14	696	0.814319500
Peptidase_M10	14	2055	1.000000000
Peptidase_M16_C	14	1067	1.000000000
Pyridoxal_deC	14	1775	1.000000000
RNase_T	14	1428	1.000000000
SAM_PNT	14	426	0.351118900
T-box	14	1479	1.000000000
zf-B_box	14	346	0.123137900
zf-CCCH	14	162	0.000001478
Acyltransferase	13	1111	1.000000000
BicD	13	1445	1.000000000
Branch	13	1566	1.000000000
Cation_ATPase_N	13	344	0.188065300
Claudin_2	13	1163	1.000000000
COLFI	13	1295	1.000000000
Cyclin_C	13	722	0.875042200
DNA_pol_B_exo1	13	1033	1.000000000
E3_UbLigase_R4	13	797	1.000000000
ECH	13	1726	1.000000000
EF-hand_3	13	191	0.000192834
FA_desaturase	13	1182	1.000000000
FAT	13	1581	1.000000000
FCH	13	638	0.807589200
GKAP	13	1379	1.000000000
Glyco_hydro_1	13	3200	1.000000000
HAD_2	13	184	0.000096934
IBR	13	332	0.153189000
KAT11	13	614	0.786542400
Lipocalin	13	1143	1.000000000
MACPF	13	947	1.000000000
MFS_2	13	2295	1.000000000
Mg_trans_NIPA	13	1260	1.000000000
MIP	13	1083	1.000000000
MT	13	2082	1.000000000
PA	13	947	1.000000000
Prominin	13	1611	1.000000000
Pyr_redox_2	13	1560	1.000000000
RUN	13	914	1.000000000
SEA	13	964	1.000000000
TSKS	13	567	0.733658800
zf-HC5HC2H	13	577	0.746860700
AAA_33	12	876	1.000000000
AAA_5	12	1108	1.000000000
ADK	12	882	1.000000000
AIG1	12	944	1.000000000
AKNA	12	108	0.000000003
Bestrophin	12	1395	1.000000000
Beta_helix	12	706	0.978492200
CP2	12	908	1.000000000
CRAL_TRIO	12	703	0.970950100
Cyclin_N	12	723	1.000000000
Cystatin	12	855	1.000000000
DAGAT	12	891	1.000000000
DAO	12	2329	1.000000000
Disintegrin	12	304	0.145779500
DUF3591	12	928	1.000000000
E1_dh	12	1805	1.000000000
Ephrin_lbd	12	815	1.000000000
ERM	12	823	1.000000000
Fasciclin	12	1094	1.000000000
FF	12	266	0.052539310
Frizzled	12	2626	1.000000000
GF_recep_IV	12	389	0.430416900
Glyco_hydro_38C	12	1854	1.000000000
His_Phos_2	12	1368	1.000000000
IMS	12	650	0.853987800
KAP_NTPase	12	893	1.000000000
Lipoxygenase	12	2429	1.000000000
Methyltransf_16	12	579	0.798659100
Na_trans_assoc	12	1503	1.000000000
Porin_3	12	1204	1.000000000
SAM_2	12	483	0.667957200
Tektin	12	1950	1.000000000
UBA	12	224	0.007799861
VWA_2	12	1318	1.000000000
zf-C2H2_6	12	131	0.000000382
A_deamin	11	1404	1.000000000
Abhydrolase_1	11	1042	1.000000000
Abhydrolase_6	11	1709	1.000000000
ADAM_CR	11	714	1.000000000
Ammonium_transp	11	1572	1.000000000
Arfaptin	11	1142	1.000000000
Ca_hom_mod	11	1206	1.000000000
CD20	11	988	1.000000000
CENP-P	11	177	0.000927373
DED	11	253	0.072633320
DUF1032	11	818	1.000000000
DUF2051	11	370	0.475812000
EF-hand_8	11	489	0.748031700
ERAP1_C	11	1666	1.000000000
Ets	11	494	0.754580700
FAM75	11	671	1.000000000
FXa_inhibition	11	302	0.227097400
GBP	11	2138	1.000000000
Gelsolin	11	529	0.796914700
Glyco_hydro_18	11	1265	1.000000000
HATPase_c	11	777	1.000000000
HEAT_2	11	619	0.898881100
Helicase_C_2	11	369	0.472514000
Hexokinase_1	11	819	1.000000000
IP_trans	11	1256	1.000000000
IZUMO	11	634	0.941938200
JmjC	11	691	1.000000000
MARVEL	11	915	1.000000000
MBOAT	11	1957	1.000000000
MBT	11	372	0.482368000
MHC_I_C	11	79	0.000000000
NARP1	11	1024	1.000000000
NMDAR2_C	11	1361	1.000000000
PAD	11	1548	1.000000000
PAX	11	247	0.058368330
PNMA	11	1978	1.000000000
Protocadherin	11	668	1.000000000
PSI	11	514	0.779813800
PWWP	11	528	0.795914000
Ricin_B_lectin	11	964	1.000000000
Rod_C	11	359	0.438779600
SIS	11	524	0.791882600
TGF_beta	11	951	1.000000000
THRAP3_BCLAF1	11	1887	1.000000000
tRNA-synt_1	11	3020	1.000000000
XK-related	11	1584	1.000000000
Zfx_Zfy_act	11	714	1.000000000
A_deaminase	10	2282	1.000000000
AAA_7	10	1374	1.000000000
Adap_comp_sub	10	1629	1.000000000
bZIP_1	10	379	0.610162400
CCDC92	10	187	0.008030575
CLN5	10	662	1.000000000
Dapper	10	952	1.000000000
DEP	10	330	0.452440600
DIM1	10	236	0.088201360
DNA_pol_E_B	10	425	0.713882800
DNA_pol_phi	10	909	1.000000000
dsrm	10	387	0.631555500
DUF3608	10	272	0.217296200
Fmp27	10	450	0.755878600
FTHFS	10	1215	1.000000000
FYVE_2	10	637	1.000000000
Fz	10	1050	1.000000000
GAF	10	608	1.000000000
GDA1_CD39	10	2076	1.000000000
HGTP_anticodon	10	665	1.000000000
HIN	10	506	0.823460200
HNOBA	10	393	0.646320000
Kringle	10	589	0.980495200
LysM	10	43	0.000000000
MATH	10	927	1.000000000
MCM	10	821	1.000000000
MutS_III	10	1236	1.000000000
Nol1_Nop2_Fmu	10	1391	1.000000000
OAS1_C	10	377	0.604707900
Pam16	10	100	0.000000048
PAS	10	680	1.000000000
Proteasome	10	1251	1.000000000
R3H	10	452	0.758720200
Rhodanese	10	818	1.000000000
STAS	10	940	1.000000000
Ten_N	10	670	1.000000000
ThiF	10	766	1.000000000
Urocanase	10	579	0.950086700
VWC	10	346	0.509767900
WW	10	178	0.004118484
zf-C2H2_4	10	192	0.011418730
zf-RanBP	10	206	0.025489970
3Beta_HSD	9	1256	1.000000000
5_nucleotid	9	1719	1.000000000
AAA_17	9	362	0.667335400
ABC1	9	455	0.823007200
Aconitase	9	958	1.000000000
Alpha_kinase	9	766	1.000000000
ANTH	9	807	1.000000000
Aph-1	9	431	0.794687100
BCDHK_Adom3	9	466	0.834421100
Bclx_interact	9	37	0.000000000
BIR	9	270	0.333638300
BNIP2	9	368	0.682082300
C1_1	9	299	0.460678400
CALCOCO1	9	918	1.000000000
Calpain_III	9	711	1.000000000
Cation_efflux	9	2078	1.000000000
CATSPERD	9	1380	1.000000000
CCDC144C	9	1768	1.000000000
Chorein_N	9	472	0.840015900
Clathrin	9	687	1.000000000
Clathrin_lg_ch	9	383	0.714886200
DUF4523	9	135	0.000275945
Enolase_C	9	1330	1.000000000
EPTP	9	313	0.515693300
FGE-sulfatase	9	524	0.959970400
Folate_carrier	9	1206	1.000000000
Glyco_transf_25	9	557	1.000000000
Granin	9	1680	1.000000000
GST_C	9	585	1.000000000
GST_N	9	574	1.000000000
GVQW	9	171	0.010079540
Hexokinase_2	9	1200	1.000000000
IF-2B	9	977	1.000000000
Ion_trans_2	9	400	0.747873100
IPK	9	1572	1.000000000
Lactamase_B_2	9	569	1.000000000
LBP_BPI_CETP_C	9	1140	1.000000000
Ldh_1_C	9	997	1.000000000
LRR_5	9	706	1.000000000
MIF4G	9	1097	1.000000000
Miro	9	481	0.848210900
MutS_V	9	726	1.000000000
Myb_DNA-binding	9	244	0.213841000
NAD_binding_1	9	761	1.000000000
Nucleoside_tran	9	972	1.000000000
OSCP	9	115	0.000012782
OTU	9	990	1.000000000
PA26	9	896	1.000000000
Paf1	9	420	0.778996500
PAN_1	9	339	0.603794600
PCI	9	349	0.633600000
PHTB1_N	9	422	0.781985400
PI3K_C2	9	555	1.000000000
PKD_channel	9	1173	1.000000000
Pkinase_C	9	271	0.338206200
Pro_isomerase	9	878	1.000000000
RHD	9	817	1.000000000
Ric8	9	923	1.000000000
RNA_pol_Rpb1_5	9	715	1.000000000
RNase_Zc3h12a	9	623	1.000000000
Sad1_UNC	9	538	1.000000000
SAND	9	225	0.133545100
STAT_alpha	9	695	1.000000000
TRAM_LAG1_CLN8	9	1375	1.000000000
tRNA-synt_1c	9	1094	1.000000000
Voltage_CLC	9	2058	1.000000000
VWA_3	9	607	1.000000000
WTX	9	761	1.000000000
zf-C3HC4_3	9	310	0.504545700
zf-HC5HC2H_2	9	574	1.000000000
4HBT	8	84	0.000000153
Abhydro_lipase	8	152	0.010079540
Aldolase_II	8	562	1.000000000
AMP-binding_C	8	625	1.000000000
Annexin	8	397	0.813384400
ART	8	764	1.000000000
ATP_synt_H	8	110	0.000055941
Atrophin-1	8	2004	1.000000000
Band_7	8	1109	1.000000000
C4	8	451	0.902164500
C8	8	364	0.762947200
Ca_chan_IQ	8	103	0.000014637
CAMSAP_CH	8	170	0.034906630
CHD5	8	250	0.384578500
CTF_NFI	8	503	1.000000000
Cupin_8	8	1194	1.000000000
DAGK_acc	8	672	1.000000000
DDE_1	8	1270	1.000000000
Dpy19	8	3223	1.000000000
Drf_FH3	8	963	1.000000000
DUF1041	8	324	0.673524200
DUF1088	8	168	0.031336650
DUF1394	8	610	1.000000000
DUF1669	8	1143	1.000000000
DUF3384	8	422	0.842544700
DUF3518	8	514	1.000000000
DUF3583	8	332	0.695286700
DUF812	8	598	1.000000000
Endostatin	8	515	1.000000000
FANCAA	8	434	0.854647000
GAGE	8	700	1.000000000
GAT	8	588	1.000000000
GCR	8	376	0.783471900
Glyco_hydro_35	8	1031	1.000000000
Glyco_transf_10	8	1468	1.000000000
Glyco_transf_41	8	469	0.972210400
GPS	8	236	0.312764500
Hamartin	8	718	1.000000000
HOOK	8	2395	1.000000000
Hormone_1	8	694	1.000000000
HSNSD	8	1958	1.000000000
IDO	8	392	0.806768000
IL8	8	519	1.000000000
Joubert	8	356	0.748691100
Laminin_B	8	690	1.000000000
Lamp	8	1141	1.000000000
Lig_chan-Glu_bd	8	197	0.120426200
LNS2	8	710	1.000000000
Med15	8	861	1.000000000
Med25_NR-box	8	157	0.014716290
MGC-24	8	339	0.711618000
MORN	8	130	0.001068071
Na_Pi_cotrans	8	565	1.000000000
Nrap	8	497	1.000000000
NUT_C	8	535	1.000000000
NYAP_N	8	1146	1.000000000
OST-HTH	8	285	0.543318900
P2X_receptor	8	1103	1.000000000
P5-ATPase	8	266	0.461702400
PALP	8	1417	1.000000000
PARP	8	784	1.000000000
Pecanex_C	8	675	1.000000000
Peptidase_S9	8	1053	1.000000000
PFK	8	622	1.000000000
PIP5K	8	1670	1.000000000
PNP_UDP_1	8	636	1.000000000
PRA1	8	413	0.833123700
Pribosyltran	8	592	1.000000000
PurA	8	483	1.000000000
Ran_BP1	8	366	0.766438000
RasGEF_N_2	8	115	0.000128705
Rotamase_3	8	61	0.000000000
RRM_5	8	279	0.518914500
Sec6	8	2156	1.000000000
Serinc	8	1059	1.000000000
SID-1_RNA_chan	8	1308	1.000000000
SIN1	8	420	0.840477300
Ski_Sno	8	339	0.711618000
STAT_bind	8	1254	1.000000000
Stork_head	8	60	0.000000000
TEA	8	965	1.000000000
Tet_JBP	8	1802	1.000000000
THF_DHG_CYH_C	8	372	0.776740800
TMC	8	562	1.000000000
TMEM52	8	299	0.595751200
TPD52	8	455	0.918088900
TPT	8	607	1.000000000
Transglut_C	8	518	1.000000000
Tropomyosin	8	474	0.990955800
Utp14	8	1439	1.000000000
Vitellogenin_N	8	1109	1.000000000
zf-FCS	8	244	0.353996500
14-3-3	7	1178	1.000000000
2OG-FeII_Oxy_2	7	1042	1.000000000
2OG-FeII_Oxy_3	7	546	1.000000000
ABC_membrane_2	7	851	1.000000000
Abhydrolase_3	7	527	1.000000000
ARID	7	453	1.000000000
Arm_2	7	943	1.000000000
Arrestin_N	7	443	1.000000000
Asp	7	1631	1.000000000
BAH	7	582	1.000000000
Band_3_cyto	7	1228	1.000000000
BBS1	7	646	1.000000000
Cast	7	1563	1.000000000
CCDC14	7	1068	1.000000000
CD99L2	7	594	1.000000000
CHGN	7	2272	1.000000000
Choline_kinase	7	855	1.000000000
Chromo	7	189	0.209498100
Cofilin_ADF	7	610	1.000000000
CTP_transf_2	7	541	1.000000000
Cu_amine_oxid	7	1242	1.000000000
Cylicin_N	7	279	0.659103300
dDENN	7	365	0.837498200
DDHD	7	703	1.000000000
DEAD_2	7	347	0.812822200
DUF1387	7	549	1.000000000
DUF1693	7	1043	1.000000000
DUF4071	7	1399	1.000000000
DUF4455	7	474	1.000000000
DUSP	7	451	1.000000000
Dynamin_M	7	868	1.000000000
ELMO_CED12	7	601	1.000000000
EphA2_TM	7	326	0.777709000
EST1_DNA_bind	7	595	1.000000000
FAM222A	7	670	1.000000000
FG-GAP	7	111	0.000716800
fn2	7	167	0.096480620
Fringe	7	949	1.000000000
Gal-3-0_sulfotr	7	1610	1.000000000
GBP_C	7	1014	1.000000000
GPCR_chapero_1	7	920	1.000000000
GTP_EFTU_D2	7	276	0.649294000
HAP1_N	7	627	1.000000000
Helicase_C_4	7	556	1.000000000
Homeobox_KN	7	161	0.072633320
Innexin	7	555	1.000000000
Inositol_P	7	1155	1.000000000
Iso_dh	7	1353	1.000000000
JAB	7	299	0.717742200
JCAD	7	1348	1.000000000
KAP	7	708	1.000000000
L_HGMIC_fpl	7	900	1.000000000
Laminin_G_3	7	705	1.000000000
LRR_6	7	123	0.003529240
Med13_C	7	526	1.000000000
Methyltransf_2	7	247	0.532375300
Methyltransf_31	7	722	1.000000000
MgtE	7	570	1.000000000
Mtc	7	1227	1.000000000
MutS_II	7	457	1.000000000
NKAIN	7	584	1.000000000
NMT_C	7	376	0.850382900
Nuc_sug_transp	7	814	1.000000000
NUDE_C	7	402	0.935476400
ODC_AZ	7	211	0.339506600
PB1	7	340	0.802157400
PC-Esterase	7	726	1.000000000
Peptidase_M13	7	620	1.000000000
Peptidase_S10	7	998	1.000000000
PID_2	7	510	1.000000000
Piwi	7	1792	1.000000000
PLU-1	7	996	1.000000000
Pou	7	361	0.832667400
PTRF_SDPR	7	974	1.000000000
RAI16-like	7	1140	1.000000000
Rhomboid	7	739	1.000000000
RNA_pol_Rpb2_1	7	1200	1.000000000
SAA	7	164	0.083490020
SAC3_GANP	7	425	1.000000000
Sec7_N	7	494	1.000000000
SOCS_box	7	242	0.508811400
Synapsin_C	7	609	1.000000000
Syndecan	7	192	0.226103500
Syntaphilin	7	617	1.000000000
TB	7	171	0.114408300
TMEM151	7	953	1.000000000
TNFR_c6	7	204	0.297526600
Trichoplein	7	1027	1.000000000
tRNA-synt_1g	7	1041	1.000000000
Ufd2P_core	7	1267	1.000000000
V1R	7	791	1.000000000
zf-met	7	97	0.000063886
zf-RING_2	7	224	0.414334300
2-Hacid_dh	6	965	1.000000000
2-oxoacid_dh	6	629	1.000000000
AAA_23	6	681	1.000000000
AAA_34	6	603	1.000000000
ACBP	6	266	0.745991300
ADH_zinc_N	6	424	1.000000000
AIRS_C	6	348	0.953162800
AKAP7_NLS	6	215	0.549961400
ApoL	6	1209	1.000000000
BEN	6	314	0.839090900
BPS	6	146	0.111464300
BRE	6	153	0.151806500
BRICHOS	6	339	0.906165300
Calreticulin	6	445	1.000000000
CBS	6	248	0.691714600
CHDCT2	6	497	1.000000000
Choline_transpo	6	1376	1.000000000
CLASP_N	6	575	1.000000000
CLTH	6	745	1.000000000
Connexin	6	537	1.000000000
CTC1	6	1142	1.000000000
CTNNB1_binding	6	509	1.000000000
DAN	6	119	0.016855790
DDE_Tnp_1_7	6	725	1.000000000
Death	6	250	0.698592000
DSL	6	63	0.000000153
DUF1042	6	461	1.000000000
DUF1900	6	544	1.000000000
DUF2045	6	239	0.658562500
DUF21	6	541	1.000000000
DUF2146	6	92	0.000413221
DUF2181	6	703	1.000000000
DUF221	6	1029	1.000000000
DUF3401	6	499	1.000000000
DUF4206	6	611	1.000000000
DUF4471	6	294	0.806768000
DUF4546	6	420	1.000000000
DUF4628	6	443	1.000000000
ECM1	6	567	1.000000000
Endonuclease_NS	6	695	1.000000000
ERCC4	6	302	0.820733500
FAD_binding_3	6	490	1.000000000
FAM198	6	465	1.000000000
Ferritin	6	230	0.621833500
FHA	6	143	0.095719620
FIIND	6	257	0.719873800
FYRC	6	261	0.731648400
G6PD_N	6	176	0.305688100
Gal_Lectin	6	164	0.222447200
Gal-bind_lectin	6	795	1.000000000
GDNF	6	431	1.000000000
GHBP	6	308	0.830630800
Glyco_hydro_56	6	1118	1.000000000
Glyco_transf_18	6	1147	1.000000000
Glyco_transf_54	6	594	1.000000000
HAUS4	6	191	0.407812900
HAUS5	6	890	1.000000000
HbrB	6	83	0.000062129
His_Phos_1	6	834	1.000000000
HSP90	6	1489	1.000000000
IBB	6	362	1.000000000
IRF	6	439	1.000000000
Isy1	6	267	0.748691100
JmjN	6	34	0.000000000
K1377	6	977	1.000000000
K167R	6	670	1.000000000
Kazal_2	6	175	0.298551200
Lectin_leg-like	6	806	1.000000000
Leuk-A4-hydro_C	6	439	1.000000000
LIM_bind	6	410	1.000000000
Linker_histone	6	291	0.801383000
LMBR1	6	705	1.000000000
LSM	6	278	0.774472900
Lung_7-TM_R	6	1091	1.000000000
MA3	6	220	0.575818800
MAP2_projctn	6	1129	1.000000000
MAP65_ASE1	6	722	1.000000000
Med16	6	717	1.000000000
Med24_N	6	987	1.000000000
Methyltransf_11	6	348	0.953162800
M-inducer_phosp	6	516	1.000000000
Mob1_phocein	6	351	0.968425300
MoCF_biosynth	6	164	0.222447200
MOZ_SAS	6	707	1.000000000
MyTH4	6	561	1.000000000
Na_K-ATPase	6	725	1.000000000
Na_sulph_symp	6	2335	1.000000000
Neuregulin	6	608	1.000000000
NRDE	6	216	0.555233800
NTF2	6	495	1.000000000
NTR	6	415	1.000000000
Nucleoporin2	6	141	0.085270500
OAR	6	103	0.002457023
OB_NTP_bind	6	738	1.000000000
Patatin	6	567	1.000000000
PDCD9	6	763	1.000000000
PDGF	6	326	0.855304500
Peptidase_M28	6	586	1.000000000
Peptidase_M8	6	576	1.000000000
Period_C	6	410	1.000000000
Phosphorylase	6	2118	1.000000000
PLC-beta_C	6	245	0.680867100
PPAK	6	111	0.007043732
Presenilin	6	637	1.000000000
PTR2	6	1429	1.000000000
Put_Phosphatase	6	475	1.000000000
PYRIN	6	249	0.695286700
Rad17	6	511	1.000000000
Radial_spoke	6	994	1.000000000
REJ	6	1071	1.000000000
Ribosomal_L7Ae	6	395	1.000000000
RNB	6	1043	1.000000000
RPE65	6	1564	1.000000000
RYDR_ITPR	6	997	1.000000000
Sarcoglycan_1	6	736	1.000000000
Sec16_C	6	199	0.458626700
Shisa	6	731	1.000000000
SIR2	6	571	1.000000000
SMC_hinge	6	129	0.039236340
SMK-1	6	263	0.737434600
Snf7	6	594	1.000000000
Solute_trans_a	6	768	1.000000000
SSDP	6	745	1.000000000
SSXRD	6	135	0.059576890
STAT_int	6	246	0.684505000
SWIRM	6	180	0.333638300
TAFH	6	291	0.801383000
Taxilin	6	1224	1.000000000
TB2_DP1_HVA22	6	190	0.401240100
TF_AP-2	6	705	1.000000000
Tmemb_cc2	6	1136	1.000000000
TNF	6	755	1.000000000
Transket_pyr	6	949	1.000000000
TRF	6	198	0.452440600
TrkA_N	6	100	0.001617108
tRNA-synt_1d	6	349	0.958272200
Tubulin-binding	6	63	0.000000153
UPF0564	6	370	1.000000000
V_ATPase_I	6	1931	1.000000000
Vezatin	6	292	0.803187200
VHS	6	312	0.836298000
Vps53_N	6	452	1.000000000
WH1	6	542	1.000000000
Yip1	6	792	1.000000000
zf-C3HC4	6	115	0.011196990
zf-C3HC4_2	6	166	0.236172300
zf-C3HC4_4	6	170	0.264246400
zf-RING_6	6	42	0.000000000
Jun	5	747	1.000000000
4_1_CTD	5	333	1.000000000
6PF2K	5	446	1.000000000
A2M_N	5	401	1.000000000
AAA_4	5	391	1.000000000
Acyl-CoA_dh_M	5	206	0.688841300
Alg6_Alg8	5	1196	1.000000000
Alpha-amylase	5	882	1.000000000
APH	5	640	1.000000000
ATP-grasp_2	5	597	1.000000000
BAG	5	151	0.341842300
BEX	5	608	1.000000000
CAF1	5	926	1.000000000
CAGE1	5	492	1.000000000
Caldesmon	5	653	1.000000000
CAMSAP_CKK	5	260	0.836298000
CAP_GLY	5	202	0.671303600
Cas1_AcylT	5	492	1.000000000
CEP170_C	5	1115	1.000000000
CN_hydrolase	5	534	1.000000000
Cobalamin_bind	5	961	1.000000000
cobW	5	514	1.000000000
Connexin_CCC	5	337	1.000000000
Copine	5	148	0.316981500
Cornichon	5	324	1.000000000
CSD	5	279	0.883587300
Cse1	5	656	1.000000000
Cys_knot	5	506	1.000000000
Cys_rich_FGFR	5	300	1.000000000
DER1	5	385	1.000000000
DIL	5	217	0.729899500
DNA_ligase_A_N	5	371	1.000000000
DNA_pol_A	5	1149	1.000000000
DP	5	290	0.953162800
DUF1053	5	399	1.000000000
DUF2464	5	252	0.821417200
DUF3414	5	1718	1.000000000
DUF3480	5	704	1.000000000
DUF3513	5	391	1.000000000
DUF3585	5	433	1.000000000
DUF3694	5	405	1.000000000
DUF3808	5	785	1.000000000
DUF4371	5	567	1.000000000
DUF4487	5	553	1.000000000
DUF4521	5	266	0.846229000
DUF4564	5	95	0.010079540
Dus	5	689	1.000000000
Dymeclin	5	646	1.000000000
EF-hand_1	5	145	0.291352700
EF-hand_4	5	302	1.000000000
EFhand_Ca_insen	5	206	0.688841300
EF-hand_like	5	276	0.863893600
ELL	5	838	1.000000000
ERG4_ERG24	5	572	1.000000000
ETS_PEA3_N	5	699	1.000000000
FAD_binding_2	5	395	1.000000000
FAD_binding_8	5	439	1.000000000
FAD-oxidase_C	5	829	1.000000000
FAM209	5	302	1.000000000
Flavodoxin_1	5	421	1.000000000
Frag1	5	454	1.000000000
Fumble	5	559	1.000000000
G_glu_transpept	5	1012	1.000000000
GATA	5	108	0.041271020
G-gamma	5	196	0.643996600
GH3	5	282	0.902965800
GLTP	5	269	0.851069500
Glyco_transf_7N	5	653	1.000000000
Glycolytic	5	841	1.000000000
GpcrRhopsn4	5	520	1.000000000
GTP_EFTU_D3	5	425	1.000000000
HA2	5	377	1.000000000
HAUS2	5	213	0.715687500
hDGE_amylase	5	431	1.000000000
HhH-GPD	5	278	0.877058200
HlyIII	5	386	1.000000000
HSP20	5	368	1.000000000
IL17	5	261	0.837976900
IL28A	5	324	1.000000000
IL6Ra-bind	5	407	1.000000000
Insulin	5	628	1.000000000
INT_SG_DDX_CT_C	5	130	0.169538200
Interferon	5	810	1.000000000
INTS2	5	1108	1.000000000
IRS	5	463	1.000000000
ITI_HC_C	5	542	1.000000000
KBP_C	5	484	1.000000000
KIF1B	5	141	0.258711400
Lactamase_B	5	711	1.000000000
LBP_BPI_CETP	5	604	1.000000000
LCAT	5	328	1.000000000
LON	5	891	1.000000000
LSM14	5	154	0.366205400
Lyase_1	5	913	1.000000000
MCRS_N	5	198	0.653236800
Mesothelin	5	1071	1.000000000
MMR_HSR1	5	636	1.000000000
MMS19_N	5	526	1.000000000
Mon1	5	840	1.000000000
MOR2-PAG1_N	5	1068	1.000000000
MutL_C	5	333	1.000000000
MutS_I	5	236	0.786134300
Myosin_TH1	5	391	1.000000000
Na_Ca_ex	5	545	1.000000000
Nckap1	5	2237	0.994847200
NCU-G1	5	348	1.000000000
NDK	5	343	1.000000000
Ndr	5	686	1.000000000
Neuralized	5	209	0.701069200
Neurensin	5	314	1.000000000
NTP_transf_2	5	306	1.000000000
p31comet	5	266	0.846229000
PapD-like	5	200	0.662338000
PAS_9	5	324	1.000000000
PDEase_I_N	5	61	0.000004778
Peptidase_C98	5	274	0.858959400
Peptidase_S28	5	483	1.000000000
Perilipin	5	759	1.000000000
PET	5	212	0.712071700
PH_BEACH	5	197	0.648634400
PhzC-PhzF	5	598	1.000000000
PIH1	5	765	1.000000000
PKD	5	370	1.000000000
PKI	5	198	0.653236800
polyprenyl_synt	5	535	1.000000000
Prenylcys_lyase	5	753	1.000000000
Prp19_bind	5	274	0.858959400
PTB	5	530	1.000000000
Rab_eff_C	5	853	1.000000000
Rad60-SLD	5	199	0.657804600
RGS-like	5	371	1.000000000
RNA_pol_L	5	358	1.000000000
RWD	5	474	1.000000000
S_100	5	173	0.509767900
Saccharop_dh	5	850	1.000000000
SARG	5	832	1.000000000
SBP_bac_3	5	1416	1.000000000
Sec15	5	618	1.000000000
SNase	5	467	1.000000000
Somatomedin_B	5	130	0.169538200
Sorb	5	138	0.233309000
SPAN-X	5	239	0.793702500
Spermine_synth	5	522	1.000000000
ST7	5	989	1.000000000
Syntaxin	5	311	1.000000000
TACC	5	407	1.000000000
Tcf25	5	420	1.000000000
TFIIS_M	5	351	1.000000000
Thioredoxin_6	5	564	1.000000000
Tis11B_N	5	350	1.000000000
Tissue_fac	5	317	1.000000000
Titin_Z	5	43	0.000000001
TMCO5	5	283	0.909356500
TMEM223	5	99	0.016515750
TMEM51	5	235	0.783471900
Torsin	5	356	1.000000000
Transferrin	5	1318	1.000000000
Treslin_N	5	798	1.000000000
tRNA-synt_2	5	1103	1.000000000
Tropomodulin	5	278	0.877058200
TSSC4	5	214	0.719277900
Tuberin	5	355	1.000000000
UAA	5	491	1.000000000
UDPGP	5	844	1.000000000
UPAR_LY6	5	238	0.791408600
VCX_VCY	5	329	1.000000000
VIT	5	354	1.000000000
VPS9	5	311	1.000000000
WSC	5	160	0.414334300
WT1	5	426	1.000000000
zf-AN1	5	118	0.088201360
zf-MYND	5	74	0.000222218
ZU5	5	167	0.467209300
7TM_GPCR_Srsx	4	560	1.000000000
Activin_recp	4	182	0.762947200
AIB	4	325	1.000000000
AKAP2_C	4	647	1.000000000
ALAD	4	326	1.000000000
Ald_Xan_dh_C2	4	1078	1.000000000
Alpha_adaptinC2	4	215	0.850669200
Amidase	4	1380	1.000000000
AMOP	4	113	0.260791600
APC10	4	296	1.000000000
APG5	4	311	1.000000000
ARHGEF5_35	4	138	0.506414900
Arrestin_C	4	547	1.000000000
Asp_Arg_Hydrox	4	284	1.000000000
Astacin	4	572	1.000000000
ATG_C	4	190	0.790096300
Atg14	4	278	1.000000000
Atg8	4	210	0.840477300
ATP-synt_ab	4	683	1.000000000
Basic	4	281	1.000000000
BORG_CEP	4	352	1.000000000
BRF1	4	95	0.093047240
Brix	4	606	1.000000000
BSMAP	4	391	1.000000000
CABIT	4	454	1.000000000
Calcipressin	4	343	1.000000000
CaMBD	4	77	0.011750260
CaMKII_AD	4	256	1.000000000
CAML	4	270	1.000000000
CAP-ZIP_m	4	398	1.000000000
CARD	4	346	1.000000000
CATSPERG	4	540	1.000000000
CBAH	4	433	1.000000000
CBF_beta	4	78	0.013416140
Cbl_N3	4	86	0.039236340
CDC27	4	559	1.000000000
CDC45	4	549	1.000000000
CDC50	4	589	1.000000000
CDK5_activator	4	628	1.000000000
CHDNT	4	110	0.228994600
CHRD	4	233	0.960818800
CRAL_TRIO_N	4	274	1.000000000
CRM1_C	4	513	1.000000000
CT47	4	290	1.000000000
Cu-oxidase_3	4	233	0.960818800
cwf18	4	135	0.479915800
DGCR6	4	174	0.731648400
DUF106	4	164	0.684505000
DUF1162	4	255	1.000000000
DUF1170	4	269	1.000000000
DUF1220	4	134	0.470860000
DUF1712	4	877	1.000000000
DUF1744	4	401	1.000000000
DUF1907	4	392	1.000000000
DUF1943	4	314	1.000000000
DUF1981	4	78	0.013416140
DUF2028	4	133	0.461702400
DUF2048	4	442	1.000000000
DUF2431	4	171	0.718382600
DUF3496	4	112	0.250334700
DUF3522	4	372	1.000000000
DUF3523	4	534	1.000000000
DUF3543	4	219	0.858570000
DUF3595	4	411	1.000000000
DUF3631	4	136	0.488871300
DUF3668	4	333	1.000000000
DUF3699	4	234	0.968425300
DUF3715	4	335	1.000000000
DUF3827	4	1149	1.000000000
DUF4457	4	323	1.000000000
DUF4607	4	265	1.000000000
DUF4617	4	1071	1.000000000
DUF4620	4	113	0.260791600
DUF4639	4	519	1.000000000
DUF773	4	674	1.000000000
DUF829	4	156	0.639323300
DUF913	4	387	1.000000000
Dzip-like_N	4	121	0.343880500
E2F_TDP	4	239	1.000000000
EF-hand_6	4	94	0.085270500
EGF_2	4	124	0.374420600
eIF-5a	4	68	0.002131713
eIF-6	4	202	0.822440200
ELO	4	714	1.000000000
EPL1	4	426	1.000000000
ER	4	103	0.160737000
EVC2_like	4	425	1.000000000
EVE	4	165	0.689920400
EXS	4	352	1.000000000
FAA_hydrolase	4	702	1.000000000
FAM117	4	636	1.000000000
FAM177	4	122	0.353996500
FancD2	4	1424	1.000000000
Fascin	4	332	1.000000000
FAST_1	4	215	0.850669200
FATC	4	99	0.124218400
FGGY_N	4	803	1.000000000
fn1	4	75	0.008375484
Fox-1_C	4	147	0.578193800
Fra10Ac1	4	118	0.312764500
FRG2	4	182	0.762947200
FTCD_C	4	185	0.773334400
Fucokinase	4	826	1.000000000
FUN14	4	103	0.160737000
FXR1P_C	4	262	1.000000000
FYVE	4	200	0.817294600
Gaa1	4	700	1.000000000
GCC2_GCC3	4	96	0.101022500
GCOM2	4	579	1.000000000
GCV_H	4	173	0.727264800
GDE_C	4	484	1.000000000
GDI	4	789	1.000000000
Glutaredoxin	4	199	0.814692800
Glyco_hydro_20	4	819	1.000000000
Glyco_hydro_38	4	986	1.000000000
Glyco_transf_11	4	831	1.000000000
Glyco_transf_7C	4	226	0.906165300
Golgin_A5	4	950	1.000000000
G-patch	4	186	0.776740800
GRIM-19	4	130	0.433597600
GRIP	4	92	0.072633320
HATPase_c_3	4	300	1.000000000
HCR	4	756	1.000000000
HDNR	4	92	0.072633320
hEGF	4	26	0.000000000
HMA	4	129	0.424021300
Hormone_2	4	56	0.000074390
HPHLAWLY	4	632	1.000000000
HR1	4	213	0.846635500
HYR	4	163	0.679039900
IBN_N	4	147	0.578193800
IER	4	968	1.000000000
IMPDH	4	672	1.000000000
Ins145_P3_rec	4	215	0.850669200
Interfer-bind	4	292	1.000000000
IRF-3	4	551	1.000000000
Josephin	4	321	1.000000000
JTB	4	183	0.766438000
Kazal_1	4	109	0.219232300
KRTAP	4	167	0.700141700
La	4	118	0.312764500
Laminin_II	4	403	1.000000000
Latrophilin	4	629	1.000000000
LCCL	4	93	0.079002900
LCM	4	388	1.000000000
LIME1	4	377	1.000000000
Lipase_GDSL	4	482	1.000000000
LLGL	4	210	0.840477300
LMF1	4	471	1.000000000
LRRNT	4	112	0.250334700
MCC-bdg_PDZ	4	126	0.394615200
Med13_N	4	769	1.000000000
Med18	4	210	0.840477300
Mei5	4	217	0.854647000
Methyltransf_18	4	273	1.000000000
Methyltransf_23	4	574	1.000000000
MHC_II_beta	4	80	0.018543260
MIP-T3	4	571	1.000000000
Mito_fiss_reg	4	498	1.000000000
MOR2-PAG1_mid	4	324	1.000000000
MRG	4	554	1.000000000
MRVI1	4	593	1.000000000
MTHFR	4	290	1.000000000
Mucin2_WxxW	4	182	0.762947200
muHD	4	268	1.000000000
Myb_DNA-bind_4	4	261	1.000000000
Myc_N	4	599	1.000000000
Myosin_N	4	170	0.713882800
NAC	4	116	0.291352700
NatB_MDM20	4	396	1.000000000
Ndc1_Nup	4	650	1.000000000
Neugrin	4	41	0.000000087
Neurexophilin	4	417	1.000000000
NICE-3	4	189	0.786797200
Nipped-B_C	4	184	0.769900300
NIPSNAP	4	198	0.812071200
NO_synthase	4	1116	1.000000000
Nop52	4	426	1.000000000
NOSIC	4	159	0.656665900
NR_Repeat	4	95	0.093047240
Orn_DAP_Arg_deC	4	249	1.000000000
Paralemmin	4	497	1.000000000
PAT1	4	455	1.000000000
PAZ	4	411	1.000000000
PBC	4	333	1.000000000
Pellino	4	1248	1.000000000
Peptidase_C97	4	288	1.000000000
Peptidase_M16	4	446	1.000000000
Peptidase_M19	4	322	1.000000000
PG_binding_1	4	194	0.801383000
PGAP1	4	428	1.000000000
PGK	4	777	1.000000000
PHO4	4	1241	1.000000000
Phtf-FEM1B_bdg	4	319	1.000000000
PK	4	708	1.000000000
PK_C	4	242	1.000000000
Prefoldin	4	243	1.000000000
Pribosyl_synth	4	581	1.000000000
PRK	4	373	1.000000000
PrmA	4	198	0.812071200
PRMT5	4	439	1.000000000
PTS_2-RNA	4	160	0.662338000
PUF	4	100	0.133545100
Pyr_redox_3	4	227	0.914127600
Rab5-bind	4	555	1.000000000
Radical_SAM	4	457	1.000000000
RFX_DNA_binding	4	85	0.034906630
Rhomboid_SP	4	427	1.000000000
Ribosom_S12_S23	4	135	0.479915800
Ribosomal_L28e	4	229	0.929895100
Ribosomal_S19e	4	140	0.523036400
RICTOR_N	4	383	1.000000000
RINGv	4	158	0.650939900
RNA_pol	4	401	1.000000000
RNase_PH	4	522	1.000000000
RnaseA	4	479	1.000000000
RPA_interact_M	4	49	0.000005261
RPOL_N	4	304	1.000000000
RrnaAD	4	563	1.000000000
Runt	4	135	0.479915800
S10_plectin	4	98	0.116605000
SAB	4	98	0.116605000
SAM_decarbox	4	328	1.000000000
SAP	4	103	0.160737000
Scramblase	4	669	1.000000000
Sdh_cyt	4	120	0.333638300
Sec23_helical	4	309	1.000000000
SecY	4	413	1.000000000
SelR	4	220	0.860511500
Serum_albumin	4	706	1.000000000
SHMT	4	800	1.000000000
SIM_C	4	304	1.000000000
SnAC	4	70	0.003342735
SNF5	4	196	0.806768000
SPATA6	4	266	1.000000000
Speriolin_C	4	293	1.000000000
SpoU_methylase	4	336	1.000000000
Stathmin	4	407	1.000000000
Sterol-sensing	4	395	1.000000000
Sulfotransfer_3	4	405	1.000000000
SUZ	4	108	0.209498100
Syja_N	4	533	1.000000000
Synaphin	4	222	0.873780500
SynMuv_product	4	210	0.840477300
SYS1	4	218	0.856615200
TAF4	4	573	1.000000000
Tau95	4	543	1.000000000
TauD	4	258	1.000000000
Tcp11	4	1289	1.000000000
Tctex-1	4	303	1.000000000
TEX15	4	450	1.000000000
THAP	4	272	1.000000000
TIL	4	225	0.898150100
TIMELESS_C	4	480	1.000000000
TLE_N	4	248	1.000000000
Tmemb_14	4	125	0.384578500
TMPIT	4	330	1.000000000
TPR_1	4	101	0.142743700
TraB	4	908	1.000000000
TRAP_beta	4	181	0.759427600
tRNA-synt_2b	4	506	1.000000000
TROVE	4	808	1.000000000
Tubulin_C	4	515	1.000000000
UBX	4	244	1.000000000
UDG	4	162	0.673524200
UNC-79	4	469	1.000000000
UNC-93	4	430	1.000000000
UPF0258	4	304	1.000000000
UPF0561	4	126	0.394615200
USP8_dimer	4	335	1.000000000
UvrD_C	4	262	1.000000000
VBS	4	250	1.000000000
Vps16_C	4	319	1.000000000
WAP	4	133	0.461702400
WGR	4	85	0.034906630
WRW	4	39	0.000000025
XPG_N	4	271	1.000000000
Xpo1	4	500	1.000000000
zf-UBP	4	128	0.414334300
Zw10	4	613	1.000000000
Zwint	4	249	1.000000000
ABC2_membrane	3	427	1.000000000
Abhydrolase_5	3	357	1.000000000
Acatn	3	353	1.000000000
Acetyltransf_2	3	522	1.000000000
ACOX	3	371	1.000000000
ACT_7	3	205	1.000000000
Adhes-Ig_like	3	112	0.594594400
AdoHcyase	3	854	1.000000000
ADP_ribosyl_GH	3	961	1.000000000
Agenet	3	124	0.691714600
Ago_hook	3	286	1.000000000
AIRS	3	199	1.000000000
AKAP95	3	330	1.000000000
Alk_phosphatase	3	1308	0.999840400
ALMS_motif	3	129	0.722843100
Alpha_L_fucos	3	357	1.000000000
Amidohydro_4	3	647	1.000000000
Aminotran_3	3	495	1.000000000
Aminotran_5	3	1116	1.000000000
AMP_N	3	149	0.813821100
Ank_4	3	163	0.855304500
API5	3	79	0.182865500
APP_E2	3	186	1.000000000
APP_N	3	202	1.000000000
APS_kinase	3	318	1.000000000
Armet	3	306	1.000000000
ASD2	3	292	1.000000000
Asn_synthase	3	119	0.654763200
Asp_protease	3	240	1.000000000
ATP_bind_4	3	239	1.000000000
ATP-gua_Ptrans	3	496	1.000000000
ATP-synt_F6	3	97	0.427225300
ATP-synt_G	3	171	0.922037300
B2-adapt-app_C	3	227	1.000000000
BAAT_C	3	627	1.000000000
Bap31	3	444	1.000000000
BAR_3_WASP_bdg	3	400	1.000000000
Bax1-I	3	482	1.000000000
Biopterin_H	3	664	1.000000000
Biotin_lipoyl	3	149	0.813821100
BLVR	3	148	0.810312400
BRK	3	42	0.000074390
Calc_CGRP_IAPP	3	176	0.973469400
Calpain_inhib	3	139	0.774472900
Calsequestrin	3	767	1.000000000
Carboxyl_trans	3	1036	1.000000000
CathepsinC_exc	3	118	0.647092400
Caveolin	3	148	0.810312400
CCDC66	3	157	0.839090900
CENP-F_N	3	307	1.000000000
CIDE-N	3	158	0.841857200
CitMHS	3	417	1.000000000
CKAP2_C	3	320	1.000000000
CLPTM1	3	810	1.000000000
Cnd1	3	297	1.000000000
Coatomer_WDAD	3	432	1.000000000
Cohesin_load	3	548	1.000000000
CortBP2	3	308	1.000000000
CPSase_L_D2	3	405	1.000000000
CTD_bind	3	125	0.698592000
CTDII	3	165	0.860511500
Cyt-b5	3	174	0.953162800
Cytochrom_B561	3	271	1.000000000
CytochromB561_N	3	555	1.000000000
DAG_kinase_N	3	321	1.000000000
DARPP-32	3	221	1.000000000
DEK_C	3	108	0.555233800
DHDPS	3	99	0.452440600
DHHA2	3	330	1.000000000
DIRP	3	106	0.533920700
DLIC	3	939	1.000000000
DNA_topoisoIV	3	917	1.000000000
DS	3	411	1.000000000
DUF1087	3	65	0.042619620
DUF1193	3	421	1.000000000
DUF1253	3	439	1.000000000
DUF1619	3	584	1.000000000
DUF1731	3	49	0.001140947
DUF2215	3	474	1.000000000
DUF2358	3	164	0.857919900
DUF2465	3	643	1.000000000
DUF2476	3	521	1.000000000
DUF3166	3	285	1.000000000
DUF3398	3	192	1.000000000
DUF3512	3	487	1.000000000
DUF3550	3	496	1.000000000
DUF3588	3	237	1.000000000
DUF3730	3	459	1.000000000
DUF4200	3	263	1.000000000
DUF4483	3	136	0.760604100
DUF4514	3	61	0.021855660
DUF4522	3	117	0.639323300
DUF4552	3	672	1.000000000
DUF4568	3	292	1.000000000
DUF4599	3	189	1.000000000
DUF4603	3	1280	1.000000000
DUF4613	3	671	1.000000000
DUF4644	3	158	0.841857200
DUF4650	3	520	1.000000000
DUF4656	3	370	1.000000000
DUF4657	3	468	1.000000000
DUF4662	3	263	1.000000000
DUF716	3	250	1.000000000
DUF846	3	279	1.000000000
DUF89	3	713	1.000000000
DUF938	3	43	0.000122776
DZF	3	732	1.000000000
EamA	3	348	1.000000000
EF_TS	3	42	0.000074390
eIF-3_zeta	3	521	1.000000000
EIF4E-T	3	441	1.000000000
EMI	3	215	1.000000000
EMP24_GP25L	3	188	1.000000000
Enolase_N	3	133	0.745991300
Epimerase	3	391	1.000000000
ER_lumen_recept	3	286	1.000000000
ERK-JNK_inhib	3	61	0.021855660
Exostosin	3	429	1.000000000
F_actin_cap_B	3	225	1.000000000
F-actin_cap_A	3	540	1.000000000
FAD_binding_4	3	190	1.000000000
FAD_binding_6	3	216	1.000000000
FAM196	3	535	1.000000000
F-box	3	90	0.333638300
FerA	3	66	0.049270380
FEZ	3	243	1.000000000
FGGY_C	3	383	1.000000000
Filaggrin	3	159	0.844597300
FMN_dh	3	435	1.000000000
Folate_rec	3	496	1.000000000
Folliculin	3	331	1.000000000
FYRN	3	95	0.401240100
G2F	3	190	1.000000000
G8	3	247	1.000000000
Gar1	3	315	1.000000000
GAS2	3	79	0.182865500
Gasdermin	3	899	1.000000000
Gastrin	3	215	1.000000000
GATase_2	3	213	1.000000000
Geminin	3	190	1.000000000
GHMP_kinases_C	3	163	0.855304500
Glyco_hydro_2_C	3	533	1.000000000
Glyco_hydro_63	3	790	1.000000000
Glyco_tranf_2_4	3	242	1.000000000
Glycogen_syn	3	1265	1.000000000
Glycos_transf_1	3	310	1.000000000
Gp_dh_C	3	316	1.000000000
Gpi1	3	238	1.000000000
GST_C_2	3	109	0.565669700
HCaRG	3	361	1.000000000
HDAC4_Gln	3	160	0.847311800
HEXIM	3	127	0.710860800
Hira	3	175	0.963359700
HPD	3	132	0.740303100
HSF_DNA-bind	3	288	1.000000000
IATP	3	156	0.836298000
ICAM_N	3	182	1.000000000
ICAT	3	150	0.817294600
IGFL	3	182	1.000000000
IKI3	3	954	1.000000000
IL1	3	229	1.000000000
IL10	3	320	1.000000000
IL12	3	219	1.000000000
IL33	3	264	1.000000000
IL6	3	278	1.000000000
IMD	3	432	1.000000000
Inhibitor_I29	3	119	0.654763200
Integrase_DNA	3	137	0.765277600
INTS5_C	3	710	1.000000000
Kelch_4	3	154	0.830630800
KSR1-SAM	3	257	1.000000000
Kunitz_BPTI	3	106	0.533920700
L27_N	3	49	0.001140947
LAG1-DNAbind	3	62	0.026476200
LETM1	3	263	1.000000000
LINES_N	3	69	0.072633320
LRAT	3	168	0.890081400
LRRCT	3	26	0.000000001
LSR	3	49	0.001140947
LTD	3	240	1.000000000
Lys	3	232	1.000000000
Lysyl_oxidase	3	521	1.000000000
Mago_nashi	3	286	1.000000000
MAP7	3	361	1.000000000
MatE	3	305	1.000000000
MBD_C	3	189	1.000000000
Med12-PQL	3	421	1.000000000
Med29	3	144	0.795914000
Membr_traf_MHD	3	143	0.792220300
Methyltransf_32	3	366	1.000000000
Methyltransf_PK	3	431	1.000000000
MGS	3	102	0.488871300
MIG-14_Wnt-bd	3	619	1.000000000
MIS13	3	281	1.000000000
MLIP	3	323	1.000000000
MRP	3	201	1.000000000
Mt_ATP-synt_B	3	162	0.852665000
MYCBPAP	3	423	1.000000000
Myelin_PLP	3	487	1.000000000
NAD_binding_6	3	286	1.000000000
NAD_kinase	3	309	1.000000000
NCD1	3	82	0.222447200
NCKAP5	3	445	1.000000000
Ndc80_HEC	3	167	0.879238400
NHL	3	30	0.000000048
NODP	3	63	0.031336650
Nop	3	298	1.000000000
Nop14	3	838	1.000000000
NOPS	3	153	0.827509900
NPDC1	3	310	1.000000000
Nramp	3	385	1.000000000
NT5C	3	304	1.000000000
NTPase_1	3	179	1.000000000
NUC194	3	398	1.000000000
Nucleoplasmin	3	271	1.000000000
Nucleoporin_C	3	1099	1.000000000
Nucleoporin_N	3	435	1.000000000
NUT_N	3	648	1.000000000
NYD-SP12_N	3	568	1.000000000
Occludin_ELL	3	307	1.000000000
OGFr_N	3	214	1.000000000
Orn_Arg_deC_N	3	236	1.000000000
Osteopontin	3	281	1.000000000
Otopetrin	3	422	1.000000000
p25-alpha	3	287	1.000000000
PA14	3	294	1.000000000
PaaSYMP	3	154	0.830630800
PAP_assoc	3	104	0.511995300
PAP_RNA-bind	3	286	1.000000000
Pcc1	3	56	0.007799861
PDDEXK_1	3	195	1.000000000
Peptidase_A22B	3	593	1.000000000
Peptidase_C12	3	421	1.000000000
Peptidase_C69	3	440	1.000000000
Peptidase_M3	3	902	1.000000000
Peptidase_S24	3	153	0.827509900
PfkB	3	610	1.000000000
PGC7_Stella	3	155	0.833478100
PGM_PMM_III	3	174	0.953162800
PHD_2	3	71	0.090360790
Phospholip_B	3	537	1.000000000
PIP49_C	3	402	1.000000000
PIRT	3	134	0.751100400
PKK	3	362	1.000000000
PLDc_2	3	340	1.000000000
Polyketide_cyc	3	121	0.669818600
Popeye	3	306	1.000000000
PP1_inhibitor	3	254	1.000000000
PQ-loop	3	123	0.684505000
PRELI	3	327	1.000000000
PRT_C	3	242	1.000000000
PseudoU_synth_2	3	229	1.000000000
PTCB-BRCT	3	131	0.734549800
Rad54_N	3	106	0.533920700
RAMP	3	100	0.464766300
RAMP4	3	124	0.691714600
RBD-FIP	3	41	0.000049696
RBP_receptor	3	619	1.000000000
Requiem_N	3	74	0.121693500
RESP18	3	213	1.000000000
Rib_hydrolayse	3	241	1.000000000
Ribonuc_red_sm	3	562	1.000000000
Ribonuclease_3	3	386	1.000000000
Ribos_L4_asso_C	3	131	0.734549800
Ribosomal_L29	3	59	0.015146920
Rif1_N	3	358	1.000000000
RIIa	3	76	0.145779500
RNA_pol_A_bac	3	275	1.000000000
RNA_pol_Rpb2_6	3	752	1.000000000
RNA_pol_Rpb4	3	115	0.621833500
Robl_LC7	3	177	0.983493500
RSN1_TM	3	417	1.000000000
SBF2	3	452	1.000000000
Sds3	3	341	1.000000000
Sec63	3	629	1.000000000
Sin3_corepress	3	202	1.000000000
SLAIN	3	111	0.585270100
SLAM	3	252	1.000000000
Smg4_UPF3	3	341	1.000000000
Smoothelin	3	55	0.006340579
Sororin	3	127	0.710860800
Sp100	3	104	0.511995300
Speriolin_N	3	228	1.000000000
Sperm_Ag_HE2	3	58	0.012299940
Spy1	3	182	1.000000000
SRRM_C	3	70	0.081103320
STAG	3	360	1.000000000
STIL_N	3	405	1.000000000
Stonin2_N	3	340	1.000000000
STOP	3	438	1.000000000
Strumpellin	3	1081	1.000000000
Suf	3	275	1.000000000
SUFU	3	180	1.000000000
Sulfate_tra_GLY	3	227	1.000000000
SUV3_C	3	49	0.001140947
TatD_DNase	3	515	1.000000000
TCRP1	3	439	1.000000000
TFIIIC_delta	3	86	0.277914500
TFR_dimer	3	192	1.000000000
TIMELESS	3	265	1.000000000
TIMP	3	305	1.000000000
TIP49	3	867	1.000000000
TLV_coat	3	674	1.000000000
Tmemb_161AB	3	442	1.000000000
Tmemb_185A	3	364	1.000000000
TORC_N	3	114	0.612873500
Transglut_core	3	350	1.000000000
Transglut_N	3	242	1.000000000
TRIC	3	394	1.000000000
tRNA_anti-codon	3	273	1.000000000
tRNA_SAD	3	91	0.347266400
tRNA-synt_1b	3	598	1.000000000
tRNA-synt_2c	3	589	1.000000000
Troponin	3	145	0.799569500
TSP_3	3	112	0.594594400
Tub	3	482	1.000000000
Tweety	3	136	0.760604100
Tyrosinase	3	465	1.000000000
UPF0016	3	126	0.704763000
USP8_interact	3	179	1.000000000
VGCC_alpha2	3	188	1.000000000
VGLL4	3	220	1.000000000
VKOR	3	213	1.000000000
Vps16_N	3	417	1.000000000
VWA_N	3	236	1.000000000
W2	3	239	1.000000000
Xan_ur_permease	3	528	1.000000000
YjeF_N	3	168	0.890081400
z-alpha	3	59	0.015146920
zf-CW	3	147	0.806768000
zf-PARP	3	164	0.857919900
zf-TAZ	3	155	0.833478100
3-HAO	2	149	1.000000000
5-nucleotidase	2	274	1.000000000
A2M_N_2	2	304	1.000000000
AAA_2	2	194	1.000000000
AAA_31	2	67	0.470860000
ABC_tran_2	2	88	0.740303100
Acetyltransf_1	2	182	1.000000000
Acid_PPase	2	133	1.000000000
ACT	2	64	0.414334300
Acyl_transf_1	2	634	1.000000000
Acyl-CoA_dh_N	2	215	1.000000000
Acylphosphatase	2	80	0.662338000
Adenylsucc_synt	2	423	1.000000000
ADH_N	2	127	1.000000000
AIF-MLS	2	129	1.000000000
AIG2	2	119	0.998371000
AKAP7_RIRII_bdg	2	61	0.353996500
Ala_racemase_N	2	237	1.000000000
ALIX_LYPXL_bnd	2	294	1.000000000
Alpha-2-MRAP_C	2	214	1.000000000
Amidase_2	2	272	1.000000000
Androgen_recep	2	444	1.000000000
Angiomotin_C	2	420	1.000000000
Ank_3	2	33	0.001353971
Ant_C	2	94	0.783471900
APC_15aa	2	16	0.000000000
APCDDC	2	189	1.000000000
Apelin	2	55	0.228994600
Apolipo_F	2	200	1.000000000
Arb2	2	154	1.000000000
Arginase	2	274	1.000000000
ARPC4	2	123	1.000000000
ARS2	2	218	1.000000000
Asparaginase	2	339	1.000000000
Asp-B-Hydro_N	2	268	1.000000000
AstE_AspA	2	361	1.000000000
ASXH	2	132	1.000000000
AT_hook	2	13	0.000000000
ATE_C	2	145	1.000000000
ATP_Ca_trans_C	2	128	1.000000000
ATP-sulfurylase	2	452	1.000000000
ATP-synt_DE_N	2	82	0.684505000
Augurin	2	112	0.890081400
Autophagy_N	2	187	1.000000000
Ax_dynein_light	2	383	1.000000000
BAT2_N	2	38	0.010079540
BCAS2	2	218	1.000000000
BCAS3	2	251	1.000000000
Bcl-2_BAD	2	168	1.000000000
BCS1_N	2	169	1.000000000
Beta-Casp	2	251	1.000000000
Beta-lactamase	2	262	1.000000000
Biotin_carb_C	2	210	1.000000000
BK_channel_a	2	106	0.844597300
BORA_N	2	215	1.000000000
Bromo_TP	2	157	1.000000000
BTD	2	105	0.840477300
Cache_1	2	175	1.000000000
Cactin_mid	2	190	1.000000000
Cadherin_pro	2	87	0.731648400
Calcyon	2	355	1.000000000
Catalase	2	386	1.000000000
CATSPERB	2	538	1.000000000
Caudal_act	2	327	1.000000000
CBF	2	154	1.000000000
CCDC142	2	358	1.000000000
CCDC50_N	2	131	1.000000000
CCSMST1	2	76	0.612873500
CD34_antigen	2	196	1.000000000
CDO_I	2	170	1.000000000
cEGF	2	47	0.085270500
CENP-B_N	2	53	0.189617900
CENP-I	2	597	1.000000000
Ceramidase_alk	2	678	1.000000000
CHCH	2	34	0.002131713
Chon_Sulph_att	2	247	1.000000000
CIMR	2	283	1.000000000
CITED	2	164	1.000000000
Citrate_synt	2	347	1.000000000
CK1gamma_C	2	90	0.755878600
Clathrin_bdg	2	73	0.570833800
Clathrin_H_link	2	66	0.452440600
Clusterin	2	475	1.000000000
CMS1	2	231	1.000000000
Cnd3	2	314	1.000000000
CNPase	2	236	1.000000000
CNTF	2	199	1.000000000
CoA_transf_3	2	192	1.000000000
Coatomer_E	2	291	1.000000000
Condensin2nSMC	2	154	1.000000000
COPI_C	2	410	1.000000000
COPIIcoated_ERV	2	394	1.000000000
Cortexin	2	81	0.673524200
COX4	2	138	1.000000000
CPSF_A	2	634	1.000000000
Creatinase_N	2	146	1.000000000
CS	2	77	0.626269800
CSF-1	2	283	1.000000000
CTP_transf_1	2	331	1.000000000
Cu2_monoox_C	2	152	1.000000000
Cu2_monooxygen	2	123	1.000000000
Cullin_Nedd8	2	66	0.452440600
Cu-oxidase_2	2	124	1.000000000
CUT	2	173	1.000000000
CutA1	2	102	0.827509900
CXCR4_N	2	33	0.001353971
D123	2	144	1.000000000
DAP3	2	296	1.000000000
Daxx	2	740	1.000000000
DAZAP2	2	95	0.790096300
DBINO	2	141	1.000000000
DC_STAMP	2	191	1.000000000
DDRGK	2	189	1.000000000
DDT	2	61	0.353996500
Defensin_beta	2	72	0.555233800
Det1	2	406	1.000000000
DHFR_1	2	182	1.000000000
Diphthamide_syn	2	320	1.000000000
DNA_binding_1	2	86	0.722843100
DNA_methylase	2	456	1.000000000
DNA_mis_repair	2	139	1.000000000
DNA_photolyase	2	125	1.000000000
DNA_pol_B_palm	2	71	0.539305200
DNA_pol3_delta2	2	171	1.000000000
DNA_primase_lrg	2	267	1.000000000
Dna2	2	217	1.000000000
dNK	2	158	1.000000000
DOMON	2	235	1.000000000
Dopey_N	2	297	1.000000000
DOR	2	141	1.000000000
DOT1	2	203	1.000000000
DPCD	2	194	1.000000000
DUF1011	2	180	1.000000000
DUF1075	2	149	1.000000000
DUF1151	2	118	0.983493500
DUF1154	2	44	0.049270380
DUF1168	2	143	1.000000000
DUF1227	2	146	1.000000000
DUF1356	2	245	1.000000000
DUF1466	2	234	1.000000000
DUF159	2	163	1.000000000
DUF1640	2	195	1.000000000
DUF1917	2	221	1.000000000
DUF2151	2	814	1.000000000
DUF2152	2	624	1.000000000
DUF2305	2	173	1.000000000
DUF2346	2	48	0.101022500
DUF2352	2	473	1.000000000
DUF2360	2	139	1.000000000
DUF2369	2	392	1.000000000
DUF2411	2	36	0.004905053
DUF2428	2	304	1.000000000
DUF2439	2	76	0.612873500
DUF2615	2	99	0.812071200
DUF3184	2	117	0.968425300
DUF3312	2	397	1.000000000
DUF3337	2	312	1.000000000
DUF3342	2	303	1.000000000
DUF3452	2	125	1.000000000
DUF3456	2	133	1.000000000
DUF3498	2	514	1.000000000
DUF3504	2	332	1.000000000
DUF3510	2	128	1.000000000
DUF3528	2	278	1.000000000
DUF3535	2	468	1.000000000
DUF3548	2	219	1.000000000
DUF3590	2	85	0.713882800
DUF3635	2	90	0.755878600
DUF3643	2	157	1.000000000
DUF3651	2	76	0.612873500
DUF3657	2	58	0.291352700
DUF3669	2	160	1.000000000
DUF367	2	128	1.000000000
DUF3689	2	312	1.000000000
DUF3697	2	33	0.001353971
DUF3719	2	68	0.488871300
DUF4074	2	132	1.000000000
DUF4205	2	687	1.000000000
DUF4211	2	149	1.000000000
DUF4392	2	279	1.000000000
DUF4456	2	207	1.000000000
DUF4461	2	304	1.000000000
DUF4470	2	108	0.852665000
DUF4501	2	179	1.000000000
DUF4503	2	389	1.000000000
DUF4524	2	148	1.000000000
DUF4531	2	184	1.000000000
DUF4540	2	130	1.000000000
DUF4554	2	452	1.000000000
DUF4556	2	197	1.000000000
DUF4560	2	65	0.433597600
DUF4566	2	229	1.000000000
DUF4569	2	298	1.000000000
DUF4570	2	111	0.873780500
DUF4578	2	167	1.000000000
DUF4590	2	116	0.953162800
DUF4616	2	537	1.000000000
DUF4618	2	258	1.000000000
DUF4634	2	129	1.000000000
DUF4642	2	115	0.937701700
DUF4645	2	294	1.000000000
DUF4648	2	165	1.000000000
DUF4655	2	533	1.000000000
DUF498	2	72	0.555233800
DUF607	2	214	1.000000000
DUF676	2	197	1.000000000
DUF758	2	186	1.000000000
DUF766	2	293	1.000000000
DUF791	2	302	1.000000000
DUF908	2	282	1.000000000
DUF914	2	336	1.000000000
DUF959	2	183	1.000000000
DuoxA	2	282	1.000000000
Dynein_IC2	2	33	0.001353971
Dynein_light	2	180	1.000000000
Dysbindin	2	144	1.000000000
E1_DerP2_DerF2	2	271	1.000000000
E3_UbLigase_EDD	2	53	0.189617900
Ebp2	2	282	1.000000000
EF1G	2	107	0.848659400
EFG_IV	2	240	1.000000000
EF-hand_5	2	50	0.133545100
eIF_4EBP	2	100	0.817294600
eIF2A	2	196	1.000000000
eIF3_N	2	134	1.000000000
eIF-3c_N	2	462	1.000000000
ELFV_dehydrog	2	429	1.000000000
ELFV_dehydrog_N	2	133	1.000000000
EMP70	2	593	1.000000000
Enkurin	2	98	0.806768000
ENTH	2	242	1.000000000
Ependymin	2	240	1.000000000
Epiglycanin_TR	2	70	0.523036400
EPO_TPO	2	152	1.000000000
eRF1_2	2	266	1.000000000
eRF1_3	2	138	1.000000000
Erf4	2	115	0.937701700
ERp29	2	97	0.801383000
Erv26	2	177	1.000000000
Es2	2	369	1.000000000
ESSS	2	118	0.983493500
EZH2_WD-Binding	2	60	0.333638300
F420_oxidored	2	80	0.662338000
FAA_hydrolase_N	2	104	0.836298000
FAD_binding_1	2	229	1.000000000
FAM101	2	123	1.000000000
FAM131	2	273	1.000000000
FAM176	2	140	1.000000000
FAM181	2	280	1.000000000
FAM194	2	419	1.000000000
FAM217	2	458	1.000000000
FAM24	2	73	0.570833800
FAM92	2	215	1.000000000
FANCI_HD1	2	88	0.740303100
FANCI_S1	2	222	1.000000000
FANCI_S2	2	166	1.000000000
Fanconi_C	2	586	1.000000000
FDF	2	215	1.000000000
Fe_hyd_lg_C	2	591	1.000000000
Fer4_12	2	129	1.000000000
FimP	2	358	1.000000000
FOLN	2	22	0.000000478
Fork_head_N	2	83	0.695286700
Formyl_trans_C	2	205	1.000000000
Formyl_trans_N	2	361	1.000000000
FragX_IP	2	865	1.000000000
Fructosamin_kin	2	616	1.000000000
FTCD	2	145	1.000000000
FTCD_N	2	178	1.000000000
FtsK_SpoIIIE	2	87	0.731648400
Galanin	2	29	0.000146340
Gate	2	129	1.000000000
GCIP	2	127	1.000000000
GCM	2	141	1.000000000
GCV_T	2	229	1.000000000
GDPD	2	156	1.000000000
GIT1_C	2	125	1.000000000
Glucosamine_iso	2	198	1.000000000
GluR_Homer-bdg	2	51	0.151806500
Glutaminase	2	574	1.000000000
Glu-tRNAGln	2	69	0.506414900
Gly_acyl_tr_N	2	207	1.000000000
Gly_rich	2	172	1.000000000
Glyco_hydro_2	2	102	0.827509900
Glyco_hydro_39	2	521	1.000000000
Glyco_hydro_59	2	669	1.000000000
Glyco_hydro_85	2	284	1.000000000
Glyco_tran_28_C	2	121	1.000000000
Glyco_tranf_2_3	2	278	1.000000000
Glyco_transf_43	2	212	1.000000000
Glyco_transf_49	2	327	1.000000000
Glyco_transf_90	2	343	1.000000000
GNAT_acetyltr_2	2	226	1.000000000
GNT-I	2	321	1.000000000
G-patch_2	2	75	0.599209800
Granulin	2	86	0.722843100
Gryzun	2	521	1.000000000
GST_C_3	2	220	1.000000000
GTPase_binding	2	42	0.031336650
GTSE1_N	2	145	1.000000000
GUCT	2	97	0.801383000
Hairy_orange	2	89	0.748691100
HAUS6_N	2	229	1.000000000
HDA2-3	2	80	0.662338000
HEAT_EZ	2	70	0.523036400
HECT_2	2	373	1.000000000
hGDE_central	2	279	1.000000000
HgmA	2	430	1.000000000
HHH_5	2	152	1.000000000
Hint	2	415	1.000000000
HJURP_C	2	66	0.452440600
HMG_box_2	2	146	1.000000000
HNOB	2	104	0.836298000
HSBP1	2	54	0.209498100
HSD3	2	361	1.000000000
HTH_Tnp_Tc5	2	70	0.523036400
I_LWEQ	2	152	1.000000000
IF4E	2	38	0.010079540
IFNGR1	2	164	1.000000000
IFRD	2	310	1.000000000
IFT43	2	137	1.000000000
IFT46_B_C	2	214	1.000000000
IIGP	2	180	1.000000000
IL15	2	128	1.000000000
INCENP_N	2	38	0.010079540
ING	2	166	1.000000000
Ins_P5_2-kin	2	446	1.000000000
Ins134_P3_kin	2	318	1.000000000
INSIG	2	280	1.000000000
Ion_trans_N	2	154	1.000000000
Ipi1_N	2	106	0.844597300
IRF-2BP1_2	2	108	0.852665000
Jnk-SapK_ap_N	2	158	1.000000000
K_channel_TID	2	75	0.599209800
Katanin_con80	2	315	1.000000000
Kelch_3	2	104	0.836298000
KR	2	181	1.000000000
KRAP_IP3R_bind	2	86	0.722843100
KTI12	2	551	1.000000000
Kv2channel	2	540	1.000000000
L27_1	2	64	0.414334300
LANC_like	2	694	1.000000000
LAT	2	231	1.000000000
Ldh_1_N	2	280	1.000000000
Leo1	2	165	1.000000000
Lep_receptor_Ig	2	176	1.000000000
Leu_zip	2	245	1.000000000
LIN37	2	177	1.000000000
Lipase_3	2	141	1.000000000
Lipocalin_2	2	146	1.000000000
Lon_C	2	210	1.000000000
LUC7	2	254	1.000000000
Maelstrom	2	201	1.000000000
Maf	2	204	1.000000000
Malectin	2	161	1.000000000
malic	2	182	1.000000000
Malic_M	2	509	1.000000000
MaoC_dehydrat_N	2	131	1.000000000
MAP1B_neuraxin	2	34	0.002131713
MARCKS	2	328	1.000000000
MBF1	2	70	0.523036400
MCD	2	453	1.000000000
Mcm10	2	351	1.000000000
Med1	2	472	1.000000000
Med11	2	189	1.000000000
Med17	2	455	1.000000000
Med19	2	172	1.000000000
Med22	2	117	0.968425300
Med25	2	151	1.000000000
Membralin	2	370	1.000000000
Memo	2	285	1.000000000
Metallophos_2	2	158	1.000000000
Methyltransf_3	2	365	1.000000000
MGAT2	2	355	1.000000000
MHC_II_alpha	2	82	0.684505000
Microtub_assoc	2	46	0.072633320
Miff	2	177	1.000000000
Misat_Tub_SegII	2	94	0.783471900
Mit_proteolip	2	58	0.291352700
mit_SMPDase	2	457	1.000000000
Mlf1IP	2	129	1.000000000
MMS1_N	2	472	1.000000000
MMS22L_C	2	378	1.000000000
MMS22L_N	2	706	1.000000000
Mo-co_dimer	2	128	1.000000000
MOR2-PAG1_C	2	263	1.000000000
MR_MLE_C	2	114	0.922037300
MR_MLE_N	2	115	0.937701700
MRAP	2	179	1.000000000
mRNA_cap_enzyme	2	189	1.000000000
MRP-S24	2	133	1.000000000
MSC	2	341	1.000000000
mTERF	2	559	1.000000000
Mut7-C	2	127	1.000000000
Myb_DNA-bind_5	2	158	1.000000000
Myb_DNA-bind_6	2	132	1.000000000
N1221	2	267	1.000000000
NAD_binding_11	2	122	1.000000000
NAD_binding_2	2	163	1.000000000
NAD_Gly3P_dh_C	2	151	1.000000000
NAD_synthase	2	430	1.000000000
NAGidase	2	303	1.000000000
NCD2	2	325	1.000000000
Neogenin_C	2	300	1.000000000
NESP55	2	245	1.000000000
Neurochondrin	2	608	1.000000000
Neuromodulin	2	172	1.000000000
Neuromodulin_N	2	31	0.000496311
Nexin_C	2	222	1.000000000
NfI_DNAbd_pre-N	2	41	0.024001600
Nic96	2	828	1.000000000
Nicastrin	2	226	1.000000000
NID	2	178	1.000000000
NIF	2	247	1.000000000
NIF3	2	214	1.000000000
Njmu-R1	2	84	0.704763000
NmrA	2	234	1.000000000
NosD	2	173	1.000000000
Not3	2	234	1.000000000
Npa1	2	322	1.000000000
NPL4	2	310	1.000000000
NPR2	2	379	1.000000000
NPR3	2	46	0.072633320
Nuc_deoxyrib_tr	2	114	0.922037300
Nucleopor_Nup85	2	92	0.769900300
Nucleos_tra2_C	2	452	1.000000000
Nucleos_tra2_N	2	75	0.599209800
NumbF	2	170	1.000000000
Nup153	2	522	1.000000000
Ocular_alb	2	404	1.000000000
ODAM	2	264	1.000000000
O-FucT	2	342	1.000000000
OMPdecase	2	215	1.000000000
Orai-1	2	427	1.000000000
ORMDL	2	136	1.000000000
OSR1_C	2	38	0.010079540
OTCace	2	151	1.000000000
P120R	2	23	0.000001314
P4Ha_N	2	134	1.000000000
P53_tetramer	2	42	0.031336650
P68HR	2	35	0.003342735
PA28_beta	2	150	1.000000000
PABP	2	67	0.470860000
Paf67	2	401	1.000000000
PAG	2	432	1.000000000
Palm_thioest	2	509	1.000000000
PAP_central	2	349	1.000000000
PAPA-1	2	50	0.133545100
ParA	2	71	0.539305200
ParcG	2	168	1.000000000
PAXNEB	2	398	1.000000000
PBD	2	59	0.312764500
PEPCK	2	447	1.000000000
Peptidase_C1_2	2	447	1.000000000
Peptidase_C26	2	213	1.000000000
Peptidase_M17_N	2	133	1.000000000
Peptidase_M2	2	600	1.000000000
Peptidase_M20	2	750	1.000000000
Peptidase_M41	2	405	1.000000000
Peptidase_M43	2	151	1.000000000
Peptidase_M54	2	107	0.848659400
Pex2_Pex12	2	444	1.000000000
PGI	2	47	0.085270500
PGM_PMM_I	2	183	1.000000000
PH_9	2	223	1.000000000
Phospho_p8	2	59	0.312764500
Phospholip_A2_1	2	244	1.000000000
PI31_Prot_C	2	78	0.639323300
PI3K_rbd	2	209	1.000000000
PIG-U	2	385	1.000000000
PIG-X	2	159	1.000000000
PI-PLC-Y	2	236	1.000000000
PLA2_B	2	486	1.000000000
PLA2G12	2	190	1.000000000
PLAC	2	70	0.523036400
Plus-3	2	106	0.844597300
PNK3P	2	163	1.000000000
Polysacc_synt_4	2	126	1.000000000
POM121	2	233	1.000000000
POT1	2	131	1.000000000
Prenyltrans_2	2	126	1.000000000
Pre-SET	2	106	0.844597300
Prion	2	233	1.000000000
PRKCSH	2	144	1.000000000
Prokineticin	2	176	1.000000000
Propep_M14	2	156	1.000000000
PRP38	2	364	1.000000000
PRP8_domainIV	2	231	1.000000000
PSS	2	283	1.000000000
PTE	2	333	1.000000000
PV-1	2	442	1.000000000
Pyr_redox_dim	2	114	0.922037300
Rab5ip	2	81	0.673524200
Rad51	2	539	1.000000000
Raftlin	2	886	0.996751500
Rav1p_C	2	466	1.000000000
RED_C	2	113	0.906165300
Rep_fac-A_C	2	146	1.000000000
Response_reg	2	236	1.000000000
Retinal	2	1264	0.903278000
RFX1_trans_act	2	156	1.000000000
RHIM	2	102	0.827509900
RHS_repeat	2	35	0.003342735
Ribonuc_2-5A	2	127	1.000000000
Ribosomal_L13	2	117	0.968425300
Ribosomal_L19	2	176	1.000000000
Ribosomal_L2_C	2	136	1.000000000
Ribosomal_L44	2	47	0.085270500
Ribosomal_L6e	2	108	0.852665000
Ribosomal_S21e	2	82	0.684505000
Ribosomal_S28e	2	69	0.506414900
Ribosomal_S7	2	156	1.000000000
RIC1	2	155	1.000000000
RICTOR_M	2	220	1.000000000
RIH_assoc	2	134	1.000000000
RIO1	2	177	1.000000000
Ripply	2	89	0.748691100
RLL	2	244	1.000000000
RNA_pol_3_Rpc31	2	312	1.000000000
RNA_pol_Rpb2_7	2	103	0.832057900
RNF111_N	2	275	1.000000000
Rootletin	2	358	1.000000000
RPA_interact_C	2	83	0.695286700
RPEL	2	26	0.000017197
RR_TM4-6	2	561	1.000000000
Rsm22	2	287	1.000000000
Rtf2	2	237	1.000000000
RTP801_C	2	239	1.000000000
S1	2	57	0.271110500
S100PBPR	2	492	1.000000000
S-AdoMet_synt_C	2	276	1.000000000
SAP25	2	199	1.000000000
SapB_1	2	33	0.001353971
Sarcoglycan_2	2	282	1.000000000
SART-1	2	639	1.000000000
SASRP1	2	71	0.539305200
SbcCD_C	2	79	0.650939900
SBDS	2	91	0.762947200
SCAMP	2	357	1.000000000
SCHIP-1	2	237	1.000000000
Sec16	2	103	0.832057900
Sec23_trunk	2	512	1.000000000
Sec2p	2	129	1.000000000
Seipin	2	207	1.000000000
Semenogelin	2	953	0.982924200
Sen15	2	102	0.827509900
Seryl_tRNA_N	2	117	0.968425300
Sgf11	2	33	0.001353971
Shal-type	2	58	0.291352700
SK_channel	2	119	0.998371000
SLIDE	2	234	1.000000000
S-methyl_trans	2	611	1.000000000
SNAP	2	281	1.000000000
SNARE	2	124	1.000000000
SOBP	2	480	1.000000000
SOCS	2	111	0.873780500
Sorting_nexin	2	192	1.000000000
Sp38	2	538	1.000000000
SPARC_Ca_bdg	2	251	1.000000000
SPG48	2	456	1.000000000
Spin-Ssty	2	81	0.673524200
SPO22	2	259	1.000000000
Spp-24	2	139	1.000000000
Sprouty	2	113	0.906165300
Spt20	2	169	1.000000000
SSrecog	2	212	1.000000000
Stanniocalcin	2	424	1.000000000
STAT2_C	2	56	0.250334700
Steroid_dh	2	247	1.000000000
SUFU_C	2	222	1.000000000
Sulfatase_C	2	267	1.000000000
Surp	2	52	0.169538200
SWIB	2	76	0.612873500
Symplekin_C	2	183	1.000000000
Syntaxin-6_N	2	193	1.000000000
Synuclein	2	126	1.000000000
T4_deiodinase	2	181	1.000000000
TAFA	2	90	0.755878600
TAFII55_N	2	180	1.000000000
Tankyrase_bdg_C	2	345	1.000000000
TAP42	2	319	1.000000000
TBD	2	110	0.860511500
TBP	2	67	0.470860000
TCL1_MTCP1	2	125	1.000000000
TCR_zetazeta	2	33	0.001353971
Telomere_Sde2	2	137	1.000000000
Telomere_Sde2_2	2	60	0.333638300
TEX13	2	152	1.000000000
TFIIA	2	365	1.000000000
TFIID-18kDa	2	93	0.776740800
TFIIF_beta	2	245	1.000000000
TGS	2	44	0.049270380
TGT	2	524	1.000000000
TH1	2	580	1.000000000
THEG	2	108	0.852665000
THF_DHG_CYH	2	84	0.704763000
Thiolase_C	2	244	1.000000000
Thiolase_N	2	430	1.000000000
Thioredoxin_8	2	116	0.953162800
Tho2	2	304	1.000000000
TILa	2	110	0.860511500
TLD	2	274	1.000000000
TMEM101	2	252	1.000000000
TMEM164	2	267	1.000000000
TMEM171	2	318	1.000000000
TMEM18	2	123	1.000000000
TMEM190	2	129	1.000000000
TMEM237	2	250	1.000000000
Tmemb_55A	2	360	1.000000000
Tmpp129	2	212	1.000000000
Topoisom_bac	2	415	1.000000000
Toprim	2	152	1.000000000
TPD	2	140	1.000000000
TPP_enzyme_N	2	170	1.000000000
TPR_10	2	42	0.031336650
TPR_12	2	164	1.000000000
TPR_7	2	70	0.523036400
TPX2_importin	2	183	1.000000000
Transketolase_C	2	248	1.000000000
Transketolase_N	2	568	1.000000000
Transmemb_17	2	109	0.856615200
TRAPP	2	150	1.000000000
TRC8_N	2	999	0.974247300
TRH	2	207	1.000000000
tRNA_bind	2	97	0.801383000
tRNA_int_endo	2	85	0.713882800
tRNA_m1G_MT	2	336	1.000000000
tRNA_Me_trans	2	85	0.713882800
tRNA-synt_1e	2	301	1.000000000
tRNA-synt_His	2	95	0.790096300
TruB_N	2	150	1.000000000
Trypsin_2	2	186	1.000000000
TSGA13	2	273	1.000000000
TTKRSYEDQ	2	506	1.000000000
Tudor-knot	2	117	0.968425300
UBACT	2	69	0.506414900
UBN_AB	2	440	1.000000000
UCR_14kD	2	104	0.836298000
UCR_TM	2	67	0.470860000
UcrQ	2	80	0.662338000
UEV	2	51	0.151806500
UFD1	2	177	1.000000000
UMPH-1	2	147	1.000000000
UNC45-central	2	438	1.000000000
UPF0054	2	146	1.000000000
UPF0160	2	323	1.000000000
UPF0220	2	315	1.000000000
UPF0546	2	81	0.673524200
UPRTase	2	207	1.000000000
Urm1	2	96	0.795914000
Uso1_p115_head	2	286	1.000000000
USP7_ICP0_bdg	2	247	1.000000000
UT	2	305	1.000000000
Uteroglobin	2	130	1.000000000
Vac14_Fig4_bd	2	181	1.000000000
Vasohibin	2	327	1.000000000
V-ATPase_C	2	345	1.000000000
vATP-synt_AC39	2	335	1.000000000
VCBS	2	71	0.539305200
VGCC_beta4Aa_N	2	43	0.039236340
VOMI	2	76	0.612873500
Vps39_2	2	109	0.856615200
Vps5	2	318	1.000000000
Vps55	2	120	1.000000000
WASH-7_mid	2	350	1.000000000
XAP5	2	473	1.000000000
XendoU	2	272	1.000000000
Xin	2	32	0.000846033
XPG_I	2	88	0.740303100
XRCC1_N	2	96	0.795914000
XRN_N	2	255	1.000000000
YL1	2	215	1.000000000
YTH	2	277	1.000000000
zf-A20	2	51	0.151806500
zf-C2H2_7	2	54	0.209498100
zf-C2HC	2	30	0.000275945
zf-C3HC	2	130	1.000000000
zf-C3Hc3H	2	68	0.488871300
zf-CpG_bind_C	2	237	1.000000000
zf-Di19	2	57	0.271110500
zf-DNA_Pol	2	193	1.000000000
zf-rbx1	2	153	1.000000000
zf-Sec23_Sec24	2	82	0.684505000
zf-TRAF	2	58	0.291352700
Zn_dep_PLPC	2	192	1.000000000
1-cysPrx_C	1	36	0.555233800
2OG-FeII_Oxy	1	108	1.000000000
3HCDH	1	87	1.000000000
3HCDH_N	1	183	1.000000000
5_nucleotid_C	1	176	1.000000000
6PGD	1	291	1.000000000
A1_Propeptide	1	29	0.291352700
AA_permease_C	1	51	0.827509900
AAA_25	1	108	1.000000000
ABC_transp_aux	1	115	1.000000000
Abi	1	116	1.000000000
Abi_HHR	1	78	1.000000000
ABM	1	75	1.000000000
ACC_central	1	727	0.853263800
Acetyltransf_3	1	150	1.000000000
Ada3	1	125	1.000000000
Adaptin_binding	1	140	1.000000000
ADH_zinc_N_2	1	147	1.000000000
ADP_PFK_GK	1	425	1.000000000
AhpC-TSA	1	135	1.000000000
AJAP1_PANP_C	1	171	1.000000000
AlaDh_PNT_N	1	140	1.000000000
Ald_Xan_dh_C	1	108	1.000000000
Aldose_epim	1	319	1.000000000
Allantoicase	1	162	1.000000000
Alpha-2-MRAP_N	1	121	1.000000000
Alpha-amylase_C	1	90	1.000000000
Alpha-mann_mid	1	87	1.000000000
Amelogenin	1	175	1.000000000
Amidinotransf	1	169	1.000000000
Amidohydro_2	1	328	1.000000000
Aminotran_4	1	251	1.000000000
AMMECR1	1	175	1.000000000
ANAPC15	1	95	1.000000000
ANKH	1	345	1.000000000
Anticodon_1	1	135	1.000000000
AP3B1_C	1	147	1.000000000
AP4E_app_platf	1	104	1.000000000
APC_basic	1	357	1.000000000
APC2	1	61	1.000000000
Apc3	1	85	1.000000000
APG12	1	87	1.000000000
APG6	1	316	1.000000000
APG9	1	291	1.000000000
ApoC-I	1	57	0.922037300
Apolipoprotein	1	188	1.000000000
Apt1	1	475	0.983511900
Apyrase	1	289	1.000000000
ARF7EP_C	1	107	1.000000000
Arginosuc_synth	1	396	1.000000000
ArgK	1	284	1.000000000
ArsA_ATPase	1	304	1.000000000
Arv1	1	192	1.000000000
ASD1	1	168	1.000000000
Asp_Glu_race_2	1	234	1.000000000
ATAD4	1	83	1.000000000
ATG16	1	195	1.000000000
ATG2_CAD	1	138	1.000000000
ATP_bind_1	1	248	1.000000000
ATP12	1	123	1.000000000
ATP1G1_PLM_MAT8	1	56	0.890081400
ATP-gua_PtransN	1	80	1.000000000
ATP-synt	1	272	1.000000000
ATP-synt_ab_C	1	48	0.795914000
Auts2	1	213	1.000000000
Avl9	1	140	1.000000000
AXH	1	115	1.000000000
Axin_b-cat_bind	1	35	0.523036400
B12-binding	1	119	1.000000000
B3_4	1	169	1.000000000
B9-C2	1	156	1.000000000
Bac_surface_Ag	1	318	1.000000000
Barttin	1	225	1.000000000
BBS2_C	1	279	1.000000000
Bcl-2	1	100	1.000000000
bcl-2I13	1	159	1.000000000
BCLP	1	187	1.000000000
BCNT	1	79	1.000000000
BDV_P40	1	210	1.000000000
BID	1	195	1.000000000
Big_2	1	76	1.000000000
Bile_Hydr_Trans	1	133	1.000000000
Bin3	1	110	1.000000000
BNIP3	1	194	1.000000000
BNR_2	1	314	1.000000000
BP28CT	1	154	1.000000000
BPL_LplA_LipB	1	110	1.000000000
BRCT_assoc	1	110	1.000000000
BSD	1	61	1.000000000
BTG	1	115	1.000000000
BTK	1	32	0.414334300
bZIP_2	1	34	0.488871300
C2-set	1	89	1.000000000
C6_DPF	1	92	1.000000000
CABS1	1	395	1.000000000
CAF1A	1	79	1.000000000
CAF1-p150_C2	1	292	1.000000000
CAF1-p150_N	1	229	1.000000000
CaKB	1	203	1.000000000
Calponin	1	23	0.072633320
Calsarcin	1	299	1.000000000
CaM-KIIN	1	79	1.000000000
CAP	1	131	1.000000000
CAP_C	1	158	1.000000000
CarboxypepD_reg	1	76	1.000000000
CARM1	1	114	1.000000000
CAS_CSE1	1	436	0.999840400
CBFB_NFYA	1	57	0.922037300
CBFD_NFYB_HMF	1	65	1.000000000
Cbl_N	1	137	1.000000000
CBM_20	1	102	1.000000000
CDC37_N	1	80	1.000000000
CDC48_N	1	84	1.000000000
Cdc6_C	1	81	1.000000000
CDC73	1	293	1.000000000
CDK2AP	1	98	1.000000000
CDRT4	1	138	1.000000000
CECR6_TMEM121	1	195	1.000000000
CENP_C_N	1	286	1.000000000
CENP-F_leu_zip	1	143	1.000000000
CENP-K	1	269	1.000000000
CENP-M	1	174	1.000000000
CENP-S	1	60	1.000000000
CENP-T	1	490	0.977757100
CENP-U	1	178	1.000000000
CEP44	1	132	1.000000000
Cep57_CLD	1	178	1.000000000
CG-1	1	117	1.000000000
CHAT	1	324	1.000000000
Chitin_synth_2	1	267	1.000000000
CholecysA-Rec_N	1	47	0.783471900
CHORD	1	65	1.000000000
Chromo_shadow	1	58	0.953162800
CIAPIN1	1	144	1.000000000
Cid2	1	133	1.000000000
CK_II_beta	1	183	1.000000000
CLN6	1	49	0.806768000
CLP_protease	1	182	1.000000000
Clp1	1	240	1.000000000
Cluap1	1	272	1.000000000
Cmyb_C	1	160	1.000000000
Cnd2	1	708	0.863056800
CoA_binding	1	94	1.000000000
Cob_adeno_trans	1	171	1.000000000
COG4	1	311	1.000000000
COG5	1	124	1.000000000
Complex1_49kDa	1	271	1.000000000
Complex1_51K	1	173	1.000000000
Complex1_LYR	1	63	1.000000000
COP-gamma_platf	1	152	1.000000000
Coq4	1	222	1.000000000
COQ7	1	171	1.000000000
Cor1	1	105	1.000000000
Costars	1	79	1.000000000
COX5A	1	108	1.000000000
COX5B	1	127	1.000000000
COX6A	1	91	1.000000000
COX7a	1	57	0.922037300
CPSase_L_chain	1	118	1.000000000
CPSF100_C	1	172	1.000000000
CReP_N	1	411	1.000000000
CRF-BP	1	310	1.000000000
c-SKI_SMAD_bind	1	96	1.000000000
CtIP_N	1	120	1.000000000
CTP_synth_N	1	282	1.000000000
Cu_amine_oxidN3	1	101	1.000000000
CUE	1	42	0.704763000
Cu-oxidase_4	1	235	1.000000000
Cupin_4	1	314	1.000000000
CwfJ_C_2	1	99	1.000000000
CybS	1	54	0.852665000
Cytochrom_C1	1	219	1.000000000
DAOA	1	82	1.000000000
DBR1	1	142	1.000000000
DCA16	1	216	1.000000000
DCP2	1	85	1.000000000
DCX	1	61	1.000000000
DDE_Tnp_4	1	153	1.000000000
DDOST_48kD	1	410	1.000000000
Defensin_beta_2	1	31	0.374420600
DEPP	1	188	1.000000000
DERM	1	157	1.000000000
Dickkopf_N	1	52	0.836298000
Dimer_Tnp_hAT	1	82	1.000000000
Dishevelled	1	73	1.000000000
DIX	1	83	1.000000000
DJ-1_PfpI	1	142	1.000000000
DLD	1	111	1.000000000
DLH	1	216	1.000000000
DLL_N	1	81	1.000000000
DM	1	47	0.783471900
DMA	1	39	0.639323300
DMAP_binding	1	116	1.000000000
DMAP1	1	165	1.000000000
DMP1	1	513	0.969428400
DNA_ligase_A_C	1	112	1.000000000
DNA_ligase_A_M	1	204	1.000000000
DNA_pol_delta_4	1	74	1.000000000
Doppel	1	30	0.333638300
DoxX_2	1	117	1.000000000
DPM2	1	80	1.000000000
Dpoe2NT	1	73	1.000000000
Dpy-30	1	42	0.704763000
Drc1-Sld2	1	118	1.000000000
DREV	1	228	1.000000000
Dsh_C	1	207	1.000000000
DTW	1	229	1.000000000
DUF1081	1	115	1.000000000
DUF1180	1	190	1.000000000
DUF1183	1	327	1.000000000
DUF1211	1	40	0.662338000
DUF1242	1	37	0.585270100
DUF1279	1	88	1.000000000
DUF1448	1	311	1.000000000
DUF1620	1	207	1.000000000
DUF1632	1	157	1.000000000
DUF1637	1	212	1.000000000
DUF1674	1	69	1.000000000
DUF1681	1	160	1.000000000
DUF1736	1	78	1.000000000
DUF1751	1	103	1.000000000
DUF1777	1	155	1.000000000
DUF1875	1	84	1.000000000
DUF1903	1	65	1.000000000
DUF1973	1	177	1.000000000
DUF1977	1	109	1.000000000
DUF2003	1	445	0.995882500
DUF2040	1	126	1.000000000
DUF2042	1	279	1.000000000
DUF2046	1	340	1.000000000
DUF2052	1	175	1.000000000
DUF2053	1	157	1.000000000
DUF2217	1	311	1.000000000
DUF2340	1	119	1.000000000
DUF2359	1	169	1.000000000
DUF2362	1	512	0.969778800
DUF2371	1	188	1.000000000
DUF2372	1	88	1.000000000
DUF2668	1	154	1.000000000
DUF2763	1	90	1.000000000
DUF2870	1	116	1.000000000
DUF3361	1	168	1.000000000
DUF3371	1	121	1.000000000
DUF3377	1	74	1.000000000
DUF3446	1	70	1.000000000
DUF3453	1	238	1.000000000
DUF3454	1	66	1.000000000
DUF3524	1	167	1.000000000
DUF3534	1	146	1.000000000
DUF3733	1	65	1.000000000
DUF3814	1	89	1.000000000
DUF3819	1	150	1.000000000
DUF382	1	129	1.000000000
DUF4061	1	101	1.000000000
DUF4062	1	88	1.000000000
DUF410	1	250	1.000000000
DUF4171	1	124	1.000000000
DUF4217	1	64	1.000000000
DUF4472	1	113	1.000000000
DUF4475	1	91	1.000000000
DUF4481	1	292	1.000000000
DUF4482	1	140	1.000000000
DUF4490	1	107	1.000000000
DUF4502	1	359	1.000000000
DUF4504	1	251	1.000000000
DUF4507	1	382	1.000000000
DUF4525	1	139	1.000000000
DUF4526	1	235	1.000000000
DUF4532	1	279	1.000000000
DUF4533	1	226	1.000000000
DUF4539	1	86	1.000000000
DUF4545	1	279	1.000000000
DUF4551	1	305	1.000000000
DUF4553	1	471	0.985092800
DUF4557	1	206	1.000000000
DUF4561	1	172	1.000000000
DUF4576	1	87	1.000000000
DUF4577	1	131	1.000000000
DUF4582	1	125	1.000000000
DUF4585	1	75	1.000000000
DUF4586	1	155	1.000000000
DUF4587	1	58	0.953162800
DUF4588	1	251	1.000000000
DUF4589	1	229	1.000000000
DUF4591	1	123	1.000000000
DUF4597	1	56	0.890081400
DUF4598	1	110	1.000000000
DUF4612	1	118	1.000000000
DUF4619	1	95	1.000000000
DUF4632	1	71	1.000000000
DUF4636	1	182	1.000000000
DUF4638	1	264	1.000000000
DUF4640	1	161	1.000000000
DUF4647	1	454	0.992042800
DUF4653	1	229	1.000000000
DUF4654	1	138	1.000000000
DUF4659	1	372	1.000000000
DUF4661	1	250	1.000000000
DUF619	1	166	1.000000000
DUF667	1	190	1.000000000
DUF706	1	255	1.000000000
DUF719	1	92	1.000000000
DUF726	1	337	1.000000000
DUF837	1	75	1.000000000
DUF866	1	160	1.000000000
DUF971	1	97	1.000000000
DWNN	1	73	1.000000000
Dynactin	1	280	1.000000000
E_Pc_C	1	232	1.000000000
EAP30	1	220	1.000000000
EB1_binding	1	174	1.000000000
EBP	1	191	1.000000000
ECIST_Cterm	1	126	1.000000000
EDR1	1	142	1.000000000
EF_assoc_1	1	73	1.000000000
EF_assoc_2	1	89	1.000000000
EF1_GNE	1	87	1.000000000
efThoc1	1	487	0.978886800
EHN	1	113	1.000000000
EI24	1	229	1.000000000
EIF_2_alpha	1	116	1.000000000
eIF-1a	1	64	1.000000000
eIF2_C	1	92	1.000000000
Elongin_A	1	104	1.000000000
EMG1	1	176	1.000000000
Enamelin	1	903	0.777788300
Endomucin	1	261	1.000000000
Endothelin	1	30	0.333638300
Ephrin	1	142	1.000000000
EpoR_lig-bind	1	103	1.000000000
ERG2_Sigma1R	1	130	1.000000000
ERO1	1	400	1.000000000
ESCRT-II	1	139	1.000000000
EST1	1	112	1.000000000
Esterase	1	253	1.000000000
EXOSC1	1	63	1.000000000
FA_hydroxylase	1	123	1.000000000
FACT-Spt16_Nlob	1	164	1.000000000
FAD_binding_5	1	181	1.000000000
FAD_binding_7	1	277	1.000000000
FAM163	1	167	1.000000000
FAM180	1	136	1.000000000
FAM53	1	302	1.000000000
FAM70	1	157	1.000000000
FAM86	1	71	1.000000000
FAM91_C	1	451	0.993309900
FAM91_N	1	307	1.000000000
FANCL_C	1	69	1.000000000
Fanconi_A	1	64	1.000000000
FBA	1	179	1.000000000
FbpA	1	520	0.967003900
FBPase	1	196	1.000000000
Fcf2	1	97	1.000000000
FCP1_C	1	246	1.000000000
FDX-ACB	1	93	1.000000000
Fe_hyd_SSU	1	55	0.860511500
Fer2	1	71	1.000000000
Fer2_4	1	79	1.000000000
Fer4_21	1	59	0.983493500
FerB	1	75	1.000000000
Ferrochelatase	1	322	1.000000000
Fez1	1	199	1.000000000
FIBP	1	363	1.000000000
Filament_head	1	83	1.000000000
FISNA	1	72	1.000000000
Flavoprotein	1	132	1.000000000
Flt3_lig	1	90	1.000000000
FtsJ	1	189	1.000000000
FWWh	1	159	1.000000000
GalP_UDP_tr_C	1	169	1.000000000
GARS_A	1	194	1.000000000
GATase	1	238	1.000000000
GATase_6	1	95	1.000000000
GatB_N	1	291	1.000000000
GCD14	1	264	1.000000000
GCV_T_C	1	109	1.000000000
GDC-P	1	424	1.000000000
Gemin6	1	167	1.000000000
Gemin7	1	80	1.000000000
GEMIN8	1	230	1.000000000
GFO_IDH_MocA	1	121	1.000000000
GHMP_kinases_N	1	55	0.860511500
GIDA	1	387	1.000000000
GIDE	1	163	1.000000000
Gln-synt_C	1	250	1.000000000
GLTSCR1	1	106	1.000000000
Gly_transf_sug	1	125	1.000000000
Glyco_trans_1_4	1	97	1.000000000
Glyco_transf_17	1	352	1.000000000
Glyco_transf_21	1	173	1.000000000
Glyco_transf_22	1	437	0.999394600
Glyco_transf_64	1	250	1.000000000
Glycos_transf_3	1	232	1.000000000
Glyoxalase	1	122	1.000000000
Glyoxalase_2	1	113	1.000000000
GMP_PDE_delta	1	144	1.000000000
GMP_synt_C	1	201	1.000000000
GOLD_2	1	63	1.000000000
GON	1	201	1.000000000
GRIN_C	1	140	1.000000000
GSDH	1	372	1.000000000
GSH_synth_ATP	1	92	1.000000000
GSHPx	1	109	1.000000000
GST_N_3	1	73	1.000000000
GTF2I	1	76	1.000000000
GTP_cyclohydroI	1	151	1.000000000
Gtr1_RagA	1	227	1.000000000
HABP4_PAI-RBP1	1	99	1.000000000
HEAT	1	31	0.374420600
Heme_oxygenase	1	177	1.000000000
Herpes_UL45	1	113	1.000000000
Hexapep	1	36	0.555233800
HH_signal	1	163	1.000000000
HHH_3	1	60	1.000000000
HHH_8	1	66	1.000000000
HIF-1	1	34	0.488871300
HIT	1	98	1.000000000
H-K_ATPase_N	1	42	0.704763000
HMG_CoA_synt_C	1	283	1.000000000
HMG14_17	1	46	0.769900300
HMG-CoA_red	1	383	1.000000000
HMGL-like	1	251	1.000000000
HNF_C	1	74	1.000000000
HNF-1A_C	1	89	1.000000000
HORMA	1	202	1.000000000
Hormone_6	1	94	1.000000000
HoxA13_N	1	117	1.000000000
HPS3_C	1	354	1.000000000
HPS3_Mid	1	389	1.000000000
hSac2	1	113	1.000000000
hSH3	1	71	1.000000000
HSL_N	1	315	1.000000000
HTH_40	1	97	1.000000000
Humanin	1	24	0.101022500
ICAP-1_inte_bdg	1	200	1.000000000
IF-2	1	110	1.000000000
IFP_35_N	1	73	1.000000000
IFT57	1	359	1.000000000
IL1_propep	1	109	1.000000000
IL11	1	199	1.000000000
IL4Ra_N	1	94	1.000000000
IL5	1	43	0.722843100
IL7	1	146	1.000000000
INCENP_ARK-bind	1	59	0.983493500
Integrin_b_cyt	1	48	0.795914000
Integrin_B_tail	1	84	1.000000000
Involucrin_N	1	69	1.000000000
IPPT	1	200	1.000000000
ISK_Channel	1	96	1.000000000
Jiv90	1	93	1.000000000
KAAG1	1	84	1.000000000
KCNQC3-Ank-G_bd	1	99	1.000000000
Kdo	1	176	1.000000000
Kelch_5	1	36	0.555233800
Kelch_6	1	56	0.890081400
ketoacyl-synt	1	180	1.000000000
Ketoacyl-synt_C	1	116	1.000000000
KIX	1	69	1.000000000
KKLCAg1	1	88	1.000000000
Ku	1	204	1.000000000
L27	1	55	0.860511500
L51_S25_CI-B8	1	52	0.836298000
L6_membrane	1	191	1.000000000
Laminin_I	1	266	1.000000000
LAP1C	1	455	0.991623200
Laps	1	124	1.000000000
Las1	1	147	1.000000000
Latexin	1	226	1.000000000
Lbh	1	88	1.000000000
Lectin_N	1	161	1.000000000
LEM	1	33	0.452440600
Leptin	1	146	1.000000000
Lgl_C	1	260	1.000000000
LIF_OSM	1	160	1.000000000
Lipase_GDSL_2	1	111	1.000000000
Lipocalin_7	1	127	1.000000000
LisH	1	27	0.209498100
LIX1	1	252	1.000000000
LMWPc	1	146	1.000000000
LNP1	1	169	1.000000000
Longin	1	84	1.000000000
LRR19-TM	1	120	1.000000000
LTV	1	136	1.000000000
LURAP	1	121	1.000000000
Lyase_aromatic	1	479	0.981950900
M20_dimer	1	98	1.000000000
Macoilin	1	278	1.000000000
Maf1	1	179	1.000000000
Mak16	1	100	1.000000000
Man-6-P_recep	1	67	1.000000000
MANEC	1	94	1.000000000
Mannosyl_trans2	1	65	1.000000000
MaoC_dehydratas	1	121	1.000000000
MAPEG	1	131	1.000000000
MBD	1	47	0.783471900
MCM_N	1	156	1.000000000
MCM2_N	1	137	1.000000000
MDM1	1	540	0.960338500
Med10	1	120	1.000000000
Med20	1	198	1.000000000
Med31	1	103	1.000000000
Med8	1	268	1.000000000
Melibiase	1	117	1.000000000
Mem_trans	1	165	1.000000000
Menin	1	396	1.000000000
Mesd	1	184	1.000000000
Methyltransf_26	1	130	1.000000000
Methyltransf_28	1	255	1.000000000
Methyltransf_4	1	224	1.000000000
Methyltransf_FA	1	104	1.000000000
Methyltrn_RNA_3	1	292	1.000000000
MFS_1_like	1	77	1.000000000
MgsA_C	1	154	1.000000000
MHCassoc_trimer	1	72	1.000000000
MIB_HERC2	1	39	0.639323300
Microtub_bind	1	139	1.000000000
MIF4G_like	1	134	1.000000000
Mitofilin	1	644	0.896488400
MMS19_C	1	431	1.000000000
MNNL	1	67	1.000000000
Mo25	1	331	1.000000000
MoaC	1	136	1.000000000
Mod_r	1	150	1.000000000
MoeA_C	1	76	1.000000000
Motile_Sperm	1	106	1.000000000
MOZART2	1	57	0.922037300
Mpp10	1	641	0.898167900
MRF_C1	1	36	0.555233800
MRFAP1	1	127	1.000000000
MRP_L53	1	52	0.836298000
MRP-S22	1	243	1.000000000
MRP-S27	1	413	1.000000000
MRP-S33	1	91	1.000000000
Mt_ATP-synt_D	1	160	1.000000000
MT-A70	1	117	1.000000000
Muskelin_N	1	115	1.000000000
Muted	1	105	1.000000000
NAD_binding_5	1	433	1.000000000
NAGLU	1	338	1.000000000
NCD3G	1	53	0.844597300
NDUFB10	1	127	1.000000000
NEP	1	119	1.000000000
NGF	1	115	1.000000000
NHR2	1	67	1.000000000
NIDO	1	93	1.000000000
Nitroreductase	1	137	1.000000000
NLE	1	62	1.000000000
NMD3	1	139	1.000000000
NMT	1	160	1.000000000
NNMT_PNMT_TEMT	1	130	1.000000000
NOA36	1	313	1.000000000
Noelin-1	1	98	1.000000000
Nop10p	1	51	0.827509900
Notch	1	40	0.662338000
Nrf1_activ_bdg	1	55	0.860511500
NRN1	1	90	1.000000000
Nse4_C	1	94	1.000000000
N-SET	1	141	1.000000000
Nsp1_C	1	114	1.000000000
Nucleic_acid_bd	1	151	1.000000000
Nudc_N	1	37	0.585270100
NUFIP2	1	601	0.921749500
Nup160	1	516	0.968383300
Nup54	1	142	1.000000000
Nup88	1	109	1.000000000
NYAP_C	1	311	1.000000000
Ocnus	1	92	1.000000000
OHCU_decarbox	1	159	1.000000000
Olfactory_mark	1	152	1.000000000
Opiods_neuropep	1	49	0.806768000
ORC2	1	312	1.000000000
OST3_OST6	1	155	1.000000000
Oxidored_molyb	1	181	1.000000000
P16-Arc	1	143	1.000000000
P19Arf_N	1	51	0.827509900
P33MONOX	1	292	1.000000000
P34-Arc	1	231	1.000000000
p47_phox_C	1	60	1.000000000
p53-inducible11	1	158	1.000000000
PAC2	1	172	1.000000000
PACT_coil_coil	1	80	1.000000000
PAD_M	1	159	1.000000000
PAD_N	1	113	1.000000000
PAF-AH_p_II	1	369	1.000000000
PARP_reg	1	134	1.000000000
PAS_3	1	78	1.000000000
Pax2_C	1	116	1.000000000
PBP	1	140	1.000000000
PBP_sp32	1	240	1.000000000
PCAF_N	1	252	1.000000000
PCI_Csn8	1	141	1.000000000
PCMT	1	195	1.000000000
PCNA_C	1	128	1.000000000
PEHE	1	151	1.000000000
PEMT	1	105	1.000000000
PEN-2	1	94	1.000000000
Pept_tRNA_hydro	1	178	1.000000000
Peptidase_C13	1	262	1.000000000
Peptidase_C54	1	144	1.000000000
Peptidase_C65	1	150	1.000000000
Peptidase_C78	1	126	1.000000000
Peptidase_M17	1	314	1.000000000
Peptidase_M18	1	439	0.998507600
Peptidase_M22	1	307	1.000000000
Peptidase_M48	1	267	1.000000000
Peptidase_M49	1	565	0.945080200
Peptidase_M50	1	358	1.000000000
Pet191_N	1	61	1.000000000
PEX11	1	227	1.000000000
Pex14_N	1	112	1.000000000
Pex19	1	250	1.000000000
Pex24p	1	113	1.000000000
PGM_PMM_II	1	109	1.000000000
PH_11	1	102	1.000000000
PH_3	1	103	1.000000000
PH_8	1	90	1.000000000
PigN	1	455	0.991623200
Pinin_SDK_memA	1	131	1.000000000
PINIT	1	157	1.000000000
Pirin_C	1	107	1.000000000
PITH	1	147	1.000000000
pKID	1	43	0.722843100
PLAC8	1	85	1.000000000
PLDc	1	28	0.250334700
P-mevalo_kinase	1	116	1.000000000
PMM	1	219	1.000000000
PMSI1	1	314	1.000000000
PMSR	1	158	1.000000000
PMT_2	1	181	1.000000000
PNTB	1	463	0.988315600
PPARgamma_N	1	78	1.000000000
PP-binding	1	67	1.000000000
PPR_3	1	34	0.488871300
PPTA	1	31	0.374420600
PRKCSH_1	1	164	1.000000000
Profilin	1	120	1.000000000
PROL5-SMR	1	117	1.000000000
Pro-NT_NN	1	51	0.827509900
Pro-rich_19	1	356	1.000000000
ProRS-C_1	1	83	1.000000000
Proteasom_PSMB	1	504	0.972619500
Prothymosin	1	109	1.000000000
Prp18	1	134	1.000000000
PRP21_like_P	1	251	1.000000000
PRP38_assoc	1	90	1.000000000
PRP4	1	30	0.333638300
PseudoU_synth_1	1	118	1.000000000
Pterin_4a	1	99	1.000000000
Pterin_bind	1	213	1.000000000
PTN_MK_C	1	63	1.000000000
PTPA	1	299	1.000000000
PTPLA	1	164	1.000000000
PXA	1	133	1.000000000
Pyrid_oxidase_2	1	167	1.000000000
Pyridox_oxidase	1	96	1.000000000
QRPTase_C	1	107	1.000000000
RAB3GAP2_C	1	604	0.919899900
RAB3GAP2_N	1	425	1.000000000
Rabaptin	1	106	1.000000000
RabGGT_insert	1	104	1.000000000
Rad21_Rec8_N	1	111	1.000000000
Rad4	1	132	1.000000000
RAG1	1	419	1.000000000
RAG2	1	339	1.000000000
RAP	1	57	0.922037300
RBB1NT	1	99	1.000000000
RBM39linker	1	43	0.722843100
Rbsn	1	42	0.704763000
Rdx	1	74	1.000000000
Redoxin	1	152	1.000000000
Reductase_C	1	76	1.000000000
Renin_r	1	98	1.000000000
Rep_fac_C	1	90	1.000000000
Rep-A_N	1	91	1.000000000
Reprolysin_2	1	208	1.000000000
Retrotrans_gag	1	94	1.000000000
RFamide_26RFa	1	134	1.000000000
Rft-1	1	106	1.000000000
RGCC	1	137	1.000000000
RHINO	1	222	1.000000000
Rho_GDI	1	201	1.000000000
Rib_recp_KP_reg	1	47	0.783471900
RIB43A	1	379	1.000000000
Ribonuc_red_lgC	1	525	0.965301900
Ribophorin_I	1	429	1.000000000
Ribosomal_60s	1	86	1.000000000
Ribosomal_L10	1	104	1.000000000
Ribosomal_L14	1	115	1.000000000
Ribosomal_L18e	1	100	1.000000000
Ribosomal_L18p	1	108	1.000000000
Ribosomal_L20	1	106	1.000000000
Ribosomal_L21p	1	99	1.000000000
Ribosomal_L24e	1	74	1.000000000
Ribosomal_L27e	1	85	1.000000000
Ribosomal_L30	1	52	0.836298000
Ribosomal_L34	1	44	0.740303100
Ribosomal_L36e	1	99	1.000000000
Ribosomal_L4	1	242	1.000000000
Ribosomal_L6	1	80	1.000000000
Ribosomal_L6e_N	1	65	1.000000000
Ribosomal_S13_N	1	60	1.000000000
Ribosomal_S15	1	45	0.755878600
Ribosomal_S18	1	55	0.860511500
Ribosomal_S3Ae	1	211	1.000000000
Ribosomal_S4	1	72	1.000000000
Ribosomal_S4e	1	77	1.000000000
Ribosomal_S5_C	1	74	1.000000000
Ribosomal_S6	1	95	1.000000000
Ribosomal_S6e	1	127	1.000000000
Ribosomal_S7e	1	189	1.000000000
Ribosomal_S8e	1	259	1.000000000
Ribosomal_S9	1	133	1.000000000
RIG-I_C-RD	1	122	1.000000000
RILP	1	60	1.000000000
RimK	1	186	1.000000000
RLI	1	32	0.414334300
RNA_pol_N	1	60	1.000000000
RNA_pol_Rpb1_1	1	345	1.000000000
RNA_pol_Rpb1_2	1	168	1.000000000
RNA_pol_Rpb2_3	1	66	1.000000000
RNA_pol_Rpb2_4	1	63	1.000000000
RNA_pol_Rpb2_5	1	48	0.795914000
RNA_pol_Rpb5_N	1	95	1.000000000
RNA_pol_Rpb6	1	52	0.836298000
RNA_pol_Rpb8	1	141	1.000000000
RNA_pol_Rpc34	1	315	1.000000000
RNA_pol_Rpc82	1	200	1.000000000
RNA_polI_A34	1	321	1.000000000
RNase_H	1	33	0.452440600
RNase_H2_suC	1	130	1.000000000
RNase_PH_C	1	66	1.000000000
Rogdi_lz	1	260	1.000000000
Romo1	1	67	1.000000000
Rotamase	1	105	1.000000000
RPAP3_C	1	95	1.000000000
RQC	1	105	1.000000000
rRNA_proc-arch	1	261	1.000000000
RunxI	1	95	1.000000000
S1-like	1	50	0.817294600
SAGA-Tad1	1	193	1.000000000
SAICAR_synt	1	245	1.000000000
SBF	1	179	1.000000000
SBP56	1	467	0.986693800
SCA7	1	72	1.000000000
SCF	1	273	1.000000000
SCP2	1	103	1.000000000
Scs3p	1	191	1.000000000
Sec10	1	619	0.910855000
Sec3_C	1	703	0.865675400
Sec39	1	655	0.890429200
Sec5	1	176	1.000000000
Secretogranin_V	1	202	1.000000000
Securin	1	182	1.000000000
SEFIR	1	148	1.000000000
Sel1	1	34	0.488871300
Selenoprotein_S	1	106	1.000000000
Serglycin	1	150	1.000000000
SERTA	1	38	0.612873500
SH2_2	1	221	1.000000000
SH3BP5	1	237	1.000000000
Shugoshin_N	1	46	0.769900300
Siah-Interact_N	1	50	0.817294600
SIMPL	1	198	1.000000000
Sin_N	1	431	1.000000000
SIR2_2	1	151	1.000000000
Skp1_POZ	1	44	0.740303100
SLY	1	157	1.000000000
SMN	1	131	1.000000000
SnAPC_2_like	1	334	1.000000000
SNAPc19	1	91	1.000000000
SNN_linker	1	26	0.169538200
SNURF	1	71	1.000000000
Sox_C_TAD	1	216	1.000000000
SOXp	1	91	1.000000000
SPA	1	111	1.000000000
SPATA19	1	106	1.000000000
Spatacsin_C	1	295	1.000000000
Spexin	1	90	1.000000000
SPOC	1	122	1.000000000
SpoIIE	1	229	1.000000000
SPRR2	1	68	1.000000000
SprT-like	1	157	1.000000000
SPT16	1	161	1.000000000
SPT2	1	107	1.000000000
Spt5-NGN	1	37	0.585270100
SRC-1	1	89	1.000000000
SRCR_2	1	98	1.000000000
SRP19	1	51	0.827509900
SRP54	1	196	1.000000000
SRPRB	1	180	1.000000000
Ssu72	1	191	1.000000000
STAT6_C	1	193	1.000000000
Stk19	1	219	1.000000000
stn_TNFRSF12A	1	80	1.000000000
Strabismus	1	500	0.974065400
Striatin	1	134	1.000000000
STT3	1	103	1.000000000
SURF2	1	253	1.000000000
SURF4	1	266	1.000000000
Sushi_2	1	85	1.000000000
SYCE1	1	124	1.000000000
SYF2	1	150	1.000000000
Synapsin	1	105	1.000000000
Synaptobrevin	1	88	1.000000000
TAF1_subA	1	128	1.000000000
TAFII28	1	70	1.000000000
Tap-RNA_bind	1	88	1.000000000
TBX	1	91	1.000000000
Tcp10_C	1	179	1.000000000
Telomere_reg-2	1	110	1.000000000
Tex_N	1	195	1.000000000
TEX33	1	121	1.000000000
Tfb2	1	354	1.000000000
Tfb4	1	176	1.000000000
TFIIA_gamma_C	1	50	0.817294600
TFIID-31kDa	1	129	1.000000000
TFIIE_alpha	1	108	1.000000000
TFIIF_alpha	1	516	0.968383300
TFIIS_C	1	39	0.639323300
Thg1C	1	131	1.000000000
Thioesterase	1	260	1.000000000
Thioredox_DsbH	1	163	1.000000000
THUMP	1	153	1.000000000
Thymidylat_synt	1	284	1.000000000
Thymosin	1	41	0.684505000
Thyroglobulin_1	1	64	1.000000000
Tim17	1	99	1.000000000
Tim44	1	70	1.000000000
TIP39	1	51	0.827509900
Tme5_EGF_like	1	34	0.488871300
TMEM107	1	26	0.169538200
TMEM117	1	263	1.000000000
TMEM141	1	96	1.000000000
TMEM156	1	226	1.000000000
TMEM37	1	182	1.000000000
TMEM61	1	198	1.000000000
Tmemb_9	1	123	1.000000000
TMF_TATA_bd	1	121	1.000000000
Tmp39	1	439	0.998507600
TOH_N	1	19	0.010079540
Tom22	1	115	1.000000000
Topoisom_I	1	238	1.000000000
TORC_M	1	165	1.000000000
TP_methylase	1	241	1.000000000
TPP_enzyme_C	1	152	1.000000000
TPR_2	1	31	0.374420600
Transcrip_reg	1	237	1.000000000
Translin	1	161	1.000000000
Transthyretin	1	112	1.000000000
TRAP-delta	1	167	1.000000000
TRAP-gamma	1	172	1.000000000
TRAPPC10	1	230	1.000000000
TRAPPC9-Trs120	1	1108	0.764256600
TRAPPC-Trs85	1	407	1.000000000
Trefoil	1	50	0.817294600
TRM	1	364	1.000000000
TRM13	1	306	1.000000000
tRNA-synt_1c_C	1	178	1.000000000
tRNA-synt_2d	1	280	1.000000000
TRP_2	1	63	1.000000000
TruD	1	396	1.000000000
TSP_C	1	201	1.000000000
Tyr_Deacylase	1	146	1.000000000
UAE_UbL	1	90	1.000000000
UBA_4	1	37	0.585270100
UbiA	1	261	1.000000000
Ubie_methyltran	1	270	1.000000000
Ubiquitin_2	1	69	1.000000000
U-box	1	73	1.000000000
UCH_1	1	378	1.000000000
UCR_6-4kD	1	56	0.890081400
uDENN	1	70	1.000000000
UFC1	1	161	1.000000000
UIM	1	18	0.004905053
UPF0004	1	89	1.000000000
UPF0061	1	550	0.955470900
UPF0086	1	88	1.000000000
UPF0172	1	105	1.000000000
UPF0183	1	398	1.000000000
UPF0193	1	217	1.000000000
UPF0449	1	62	1.000000000
UPF0489	1	239	1.000000000
UPF0640	1	69	1.000000000
Upf2	1	206	1.000000000
Uroplakin_II	1	184	1.000000000
Urotensin_II	1	11	0.000000478
Utp11	1	241	1.000000000
Utp12	1	108	1.000000000
VAD1-2	1	246	1.000000000
Vasculin	1	98	1.000000000
VASP_tetra	1	40	0.662338000
vATP-synt_E	1	199	1.000000000
Vert_HS_TF	1	285	1.000000000
Vert_IL3-reg_TF	1	333	1.000000000
VKG_Carbox	1	440	0.998066300
Voldacs	1	131	1.000000000
Vps35	1	741	0.846290100
Vps4_C	1	62	1.000000000
Vps51	1	88	1.000000000
WAC_Acf1_DNA_bd	1	101	1.000000000
WAPL	1	364	1.000000000
WASH-7_N	1	573	0.939706200
WBP-1	1	66	1.000000000
WD-3	1	38	0.612873500
WH2	1	28	0.250334700
WHIM3	1	222	1.000000000
WWE	1	76	1.000000000
XPA_C	1	53	0.844597300
XPC-binding	1	59	0.983493500
Yae1_N	1	39	0.639323300
YccV-like	1	98	1.000000000
Yippee-Mis18	1	97	1.000000000
YL1_C	1	23	0.072633320
YqgF	1	157	1.000000000
zf-C5HC2	1	55	0.860511500
zf-CHY	1	71	1.000000000
zf-CXXC	1	47	0.783471900
zf-DNL	1	68	1.000000000
zf-H2C2_5	1	25	0.133545100
zf-UBR	1	72	1.000000000
ZZ	1	42	0.704763000