Pfam_domain	Snp_count	Domain_length	locfdr
P53	4069	4070	0.000000000
Ras	1030	9325	0.000000003
Fork_head	787	1425	0.000000000
Pkinase	760	62060	1.000000000
Pkinase_Tyr	725	25492	0.276306200
I-set	648	22530	0.265887600
Cadherin	644	25082	0.385390100
7tm_1	576	57421	1.000000000
zf-H2C2_2	569	10135	0.004476765
fn3	548	16981	0.171077200
7tm_4	394	30953	1.000000000
Ion_trans	344	20863	0.959290100
Ank_2	340	13692	0.422687800
Ig_2	251	10527	0.477002100
Collagen	207	8693	0.478742000
Spectrin	204	8959	0.537534300
Myosin_head	198	23263	1.000000000
PI3Ka	197	1335	0.000000000
PH	192	8319	0.519942900
CUB	186	7942	0.500735300
WD40	185	4078	0.027325630
Sushi	174	5384	0.170005000
Trypsin	162	15003	1.000000000
LRR_8	150	5263	0.274338300
p450	141	23392	1.000000000
UCH	132	20184	1.000000000
Filament	131	18121	1.000000000
V-set	127	9031	1.000000000
C2	123	6318	0.764187500
MFS_1	121	17112	1.000000000
Laminin_G_2	114	6330	0.881697600
TSP_1	114	2554	0.030756400
PDZ	112	4322	0.374974200
KRAB	109	1819	0.002206046
ANF_receptor	107	11259	1.000000000
RRM_1	104	4259	0.445101500
Y_phosphatase	96	7125	1.000000000
EGF_CA	94	2199	0.039829650
VWA	94	7753	1.000000000
Hormone_recep	89	6724	1.000000000
Serpin	88	10649	1.000000000
Myosin_tail_1	85	11247	1.000000000
SNF2_N	85	6974	1.000000000
RhoGEF	84	5871	1.000000000
Ribonuclease_3	84	489	0.000000000
G-alpha	83	4556	0.864637300
ABC_tran	81	5344	1.000000000
DSPc	81	2211	0.095766480
Sugar_tr	80	10641	1.000000000
Kinesin	75	9527	1.000000000
7tm_2	71	7945	1.000000000
PDEase_I	71	3978	0.894980300
CH	70	3467	0.709684400
BTB	68	5039	1.000000000
AMP-binding	67	13235	1.000000000
Neur_chan_LBD	66	5504	1.000000000
RB_A	66	459	0.000000000
COesterase	65	6459	1.000000000
Actin	64	10291	1.000000000
Sema	64	9374	1.000000000
SH2	64	3335	0.786216800
SNF	64	9756	1.000000000
Homeobox	63	2963	0.634952400
Patched	62	4136	1.000000000
LIM	61	1545	0.064089750
Integrin_alpha2	60	7606	1.000000000
Dynein_heavy	59	9255	1.000000000
Bromodomain	57	1586	0.105106200
EF-hand_7	57	2857	0.726642100
HCO3_cotransp	57	5579	1.000000000
HECT	57	7333	1.000000000
UDPGT	57	6846	1.000000000
OATP	56	6130	1.000000000
PNP_UDP_1	56	989	0.004051562
Histone	55	2324	0.486911700
7tm_3	54	4458	1.000000000
ABC_membrane	54	7043	1.000000000
Neur_chan_memb	54	5178	1.000000000
Peptidase_M14	54	5979	1.000000000
SRCR	54	2950	0.857510700
Lectin_C	53	3786	1.000000000
RGS	52	2176	0.474014000
Aa_trans	51	6042	1.000000000
An_peroxidase	51	4651	1.000000000
Kelch_1	51	1748	0.252533100
Mito_carr	51	3027	0.944325400
RabGAP-TBC	51	4455	1.000000000
Reticulon	51	1336	0.078421180
SPRY	51	3927	1.000000000
E1-E2_ATPase	50	5600	1.000000000
MAGE	50	3970	1.000000000
RasGAP	49	1631	0.224915000
FERM_M	48	3361	1.000000000
wnt	48	4430	1.000000000
EGF	47	1103	0.040818880
PI3_PI4_kinase	47	3303	1.000000000
Reprolysin	47	4187	1.000000000
Ank	46	902	0.010999940
Anoctamin	46	5410	1.000000000
Helicase_C	46	1922	0.471990100
Vinculin	46	4076	1.000000000
Hydrolase	45	5534	1.000000000
MT	45	3336	1.000000000
DEAD	44	5546	1.000000000
DHC_N2	44	4146	1.000000000
Ldl_recept_a	44	1192	0.092608930
Tetraspannin	44	5093	1.000000000
Aldedh	43	4034	1.000000000
Laminin_EGF	43	1800	0.474469200
RhoGAP	43	3484	1.000000000
ABC2_membrane_3	42	6088	1.000000000
Ig_3	42	2090	0.716379300
DUF3497	41	2197	0.828581100
HEAT	41	62	0.000000000
PMP22_Claudin	41	3635	1.000000000
RasGEF	41	3897	1.000000000
Na_H_Exchanger	40	4404	1.000000000
Sulfotransfer_1	40	5803	1.000000000
zf-C2H2	40	639	0.001279488
Cadherin_C	39	2184	0.894239400
Filamin	39	2149	0.870341100
Guanylate_cyc	39	3284	1.000000000
HAD	39	6014	1.000000000
Pyr_redox_2	39	2485	0.992913300
Arf	38	3094	1.000000000
BACK	38	2044	0.834301800
Cpn60_TCP1	38	5671	1.000000000
FH2	38	4504	1.000000000
Keratin_B2_2	38	716	0.007590660
TGFb_propeptide	38	3737	1.000000000
zf-C4	38	1184	0.175150100
Aldo_ket_red	37	3472	1.000000000
HLH	37	1138	0.165523400
IRK	37	4329	1.000000000
Lig_chan	37	3592	1.000000000
Pep_M12B_propep	37	2229	0.954662900
RCC1	37	804	0.024270860
AA_permease	36	4106	1.000000000
APH	36	657	0.005678353
C1-set	36	1467	0.438441500
CD36	36	904	0.061511370
cNMP_binding	36	1595	0.548965300
Ephrin_lbd	36	2223	0.971646000
Plexin_cytopl	36	4013	1.000000000
TIG	36	1732	0.667972400
AF-4	35	4867	1.000000000
Calx-beta	35	1855	0.811991800
Carb_anhydrase	35	3722	1.000000000
Glyco_hydro_1	35	3802	1.000000000
Recep_L_domain	35	770	0.026908170
SID-1_RNA_chan	35	1308	0.338418900
Tubulin	35	2615	1.000000000
EIN3	34	523	0.000768837
PTEN_C2	34	549	0.001422443
Aminotran_1_2	33	4799	1.000000000
DNA_pol_B_exo1	33	500	0.000609870
Peptidase_M1	33	4301	1.000000000
SH3_1	33	837	0.064553550
CRAL_TRIO_2	32	1340	0.474931300
Cullin	32	5254	1.000000000
DPPIV_N	32	1944	0.960445200
Glyco_hydro_31	32	4227	1.000000000
Guanylate_kin	32	2491	1.000000000
JmjC	32	1151	0.297178800
Lig_chan-Glu_bd	32	458	0.000253855
Peptidase_C14	32	2550	1.000000000
zf-DHHC	32	1915	0.950052900
C1_1	31	862	0.104730300
Cadherin_2	31	1282	0.458244700
DHC_N1	31	4964	1.000000000
Furin-like	31	966	0.175230800
Ldl_recept_b	31	797	0.070400060
Lipase	31	3137	1.000000000
MutS_III	31	1565	0.737427200
Nebulin	31	460	0.000480399
PKD_channel	31	1353	0.529463300
SH3_9	31	827	0.086141750
SMC_N	31	6879	1.000000000
SRF-TF	31	102	0.000000000
SSF	31	4592	1.000000000
Adaptin_N	30	5298	1.000000000
HMG_box	30	1041	0.264052500
Ion_trans_2	30	1122	0.339296900
TAS2R	30	3899	1.000000000
zf-C3HC4	30	382	0.000033597
AAA_7	29	3120	1.000000000
CD20	29	2038	1.000000000
SAM_1	29	1139	0.394828600
AAA	28	2281	1.000000000
adh_short	28	3210	1.000000000
Cupin_8	28	1285	0.598855600
F5_F8_type_C	28	1982	1.000000000
MyTH4	28	786	0.110193300
PLAT	28	1149	0.447850800
SET	28	2724	1.000000000
Ets	27	1039	0.371808600
Exo_endo_phos	27	3468	1.000000000
FAM47	27	1476	0.858521400
FERM_C	27	384	0.000237233
FGF	27	1841	1.000000000
GAF	27	1498	0.880502200
HSP70	27	5564	1.000000000
MAM	27	1430	0.810932700
OSCP	27	150	0.000000000
Sec7	27	1927	1.000000000
TPR_11	27	1564	0.927261300
Zona_pellucida	27	2919	1.000000000
AAA_6	26	2552	1.000000000
Glycos_transf_2	26	2728	1.000000000
His_Phos_2	26	1174	0.574705300
KH_1	26	1088	0.474014000
Na_trans_assoc	26	1779	1.000000000
NACHT	26	2044	1.000000000
SAM_2	26	768	0.139096100
Sulfotransfer_2	26	1908	1.000000000
BAR	25	2305	1.000000000
Glyco_transf_29	25	3295	1.000000000
MH2	25	1146	0.597147600
PID	25	1917	1.000000000
PX	25	1726	1.000000000
RRM_6	25	1113	0.555204500
SDF	25	2047	1.000000000
AA_permease_2	24	4405	1.000000000
ADAM_CR	24	1075	0.563043900
Clathrin	24	1307	0.852822400
DAGK_cat	24	659	0.098232520
DED	24	167	0.000000000
FGE-sulfatase	24	524	0.025287610
Laminin_N	24	2433	1.000000000
CLN5	23	516	0.031050320
Fibrinogen_C	23	2694	1.000000000
GST_C	23	744	0.202645200
GTP_EFTU	23	3414	1.000000000
Hexokinase_1	23	1643	1.000000000
Metallophos	23	2607	1.000000000
MFS_2	23	3191	1.000000000
Oxysterol_BP	23	2708	1.000000000
PARP	23	2057	1.000000000
Peptidase_C2	23	3142	1.000000000
Peptidase_M13_N	23	2753	1.000000000
T-box	23	1995	1.000000000
TGF_beta	23	1451	0.986202700
Zip	23	2969	1.000000000
BEN	22	249	0.000002376
BRCA-2_helical	22	189	0.000000000
FAT	22	1633	1.000000000
Kringle	22	1382	0.983313700
MHC_I	22	1609	1.000000000
MIR	22	1052	0.659121800
MYT1	22	935	0.494574100
Pyridoxal_deC	22	1869	1.000000000
Serum_albumin	22	1213	0.871251800
Sulfatase	22	2488	1.000000000
Voltage_CLC	22	3455	1.000000000
ADAM_spacer1	21	1442	1.000000000
Arm	21	663	0.184881600
Ded_cyto	21	1081	0.767486700
DnaJ	21	760	0.302788300
Frizzled	21	3275	1.000000000
IQ	21	210	0.000000092
PHD	21	596	0.116477600
PNMA	21	2283	1.000000000
PP2C	21	2052	1.000000000
Tubulin-binding	21	64	0.000000000
TUDOR	21	1362	1.000000000
UQ_con	21	1911	1.000000000
Arm_2	20	1795	1.000000000
ASC	20	4159	1.000000000
Asp	20	1954	1.000000000
C1q	20	1505	1.000000000
Cyclin_N	20	1020	0.753171400
DUF3808	20	1467	1.000000000
Gal-3-0_sulfotr	20	1610	1.000000000
GDPD	20	1050	0.797602400
Gelsolin	20	1023	0.757702300
Hemopexin	20	765	0.364965900
IRF-3	20	720	0.297972500
LRR_6	20	121	0.000000000
MRP	20	201	0.000000101
OLF	20	2529	1.000000000
Peptidase_S8	20	1871	1.000000000
PI3K_C2	20	687	0.254592500
Ricin_B_lectin	20	1330	1.000000000
STAT_bind	20	1511	1.000000000
THRAP3_BCLAF1	20	2570	1.000000000
TIR	20	1532	1.000000000
UPF0560	20	2396	1.000000000
zf-RING_2	20	524	0.078484920
2OG-FeII_Oxy_2	19	1018	0.828400600
A_deaminase	19	1546	1.000000000
AAA_8	19	1903	1.000000000
Amidohydro_1	19	2285	1.000000000
Amino_oxidase	19	3141	1.000000000
Cation_ATPase_C	19	1941	1.000000000
DUF1669	19	1716	1.000000000
FancD2	19	1424	1.000000000
Hamartin	19	718	0.351166000
MARVEL	19	1377	1.000000000
Myotub-related	19	3215	1.000000000
TNF	19	1339	1.000000000
VWD	19	1782	1.000000000
A2M_comp	18	2131	1.000000000
AAA_9	18	1877	1.000000000
Abhydrolase_6	18	2418	1.000000000
Acyl-CoA_dh_1	18	1669	1.000000000
Aldolase_II	18	833	0.611204500
BAH	18	834	0.612974300
BRCT	18	546	0.155155200
CTF_NFI	18	296	0.001808761
Drf_FH3	18	930	0.773157300
dsrm	18	555	0.167375600
DUF3518	18	514	0.119977400
Glyco_hydro_56	18	1776	1.000000000
Hist_deacetyl	18	2600	1.000000000
HlyIII	18	2082	1.000000000
Kazal_2	18	550	0.160623500
Laminin_G_1	18	1443	1.000000000
LCE	18	1005	0.889844800
MIP	18	1791	1.000000000
Na_sulph_symp	18	2353	1.000000000
PAD	18	1956	1.000000000
Pro-rich	18	1058	0.937522500
SCAN	18	1392	1.000000000
Sulfate_transp	18	1501	1.000000000
Tcp11	18	1050	0.932196900
Ten_N	18	1020	0.911623600
ThiF	18	955	0.813577900
Abhydrolase_1	17	1816	1.000000000
ADK	17	1175	1.000000000
BTB_2	17	1239	1.000000000
C2-set_2	17	926	0.853158500
CAP	17	944	0.881780100
COLFI	17	1642	1.000000000
DUF3451	17	1332	1.000000000
Dynamin_M	17	1477	1.000000000
FAD_binding_7	17	554	0.208016400
F-box-like	17	405	0.045476410
Gal-bind_lectin	17	1530	1.000000000
Glyco_hydro_47	17	2646	1.000000000
Glypican	17	2781	1.000000000
GVQW	17	154	0.000000003
HEAT_2	17	1161	1.000000000
ig	17	828	0.685696600
Integrin_beta	17	2976	1.000000000
KCNQ_channel	17	817	0.666398500
LRR_4	17	545	0.196108400
NCKAP5	17	445	0.078102140
PI-PLC-Y	17	703	0.458183300
PSI	17	653	0.369754200
PWWP	17	837	0.701202100
SBP_bac_3	17	2483	1.000000000
SEA	17	1119	1.000000000
START	17	1696	1.000000000
TRAM_LAG1_CLN8	17	1717	1.000000000
Abhydrolase_5	16	886	0.877657400
ATP-grasp_2	16	388	0.050928830
Band_3_cyto	16	1357	1.000000000
Band_7	16	1707	1.000000000
Cation_efflux	16	2151	1.000000000
CNH	16	1978	1.000000000
Connexin	16	1179	1.000000000
DUF3398	16	191	0.000008532
G_glu_transpept	16	2441	1.000000000
Galactosyl_T	16	1397	1.000000000
Glyco_transf_8	16	1940	1.000000000
Lipocalin	16	1509	1.000000000
MATH	16	1230	1.000000000
PH_9	16	756	0.641720500
Plectin	16	393	0.054833610
RA	16	674	0.482840800
RNA_pol_Rpb2_6	16	1116	1.000000000
RNase_T	16	1511	1.000000000
Tektin	16	1951	1.000000000
Xlink	16	955	0.948237200
zf-C3HC4_4	16	295	0.006179525
APG5	15	158	0.000000425
Carn_acyltransf	15	4107	0.986929000
EphA2_TM	15	627	0.472544500
Filaggrin	15	592	0.400254000
GPS	15	336	0.030723390
Granin	15	1611	1.000000000
Herpes_UL45	15	352	0.040800070
HOOK	15	3052	1.000000000
Laminin_G_3	15	1559	1.000000000
Ldh_1_C	15	1161	1.000000000
Lipase_GDSL	15	1103	1.000000000
Lipoxygenase	15	2076	1.000000000
MCM	15	1994	1.000000000
NAP	15	1973	1.000000000
Peptidase_M24	15	1098	1.000000000
Sec23_trunk	15	951	0.989544400
STAS	15	1110	1.000000000
Thioredoxin	15	1476	1.000000000
Transglut_C	15	814	0.847550200
VWC	15	760	0.743030700
Annexin	14	794	0.912269800
APOBEC_N	14	1611	1.000000000
BRCA2	14	175	0.000024554
BRCA-2_OB1	14	131	0.000000011
CHGN	14	3684	0.989321500
Coatomer_WDAD	14	877	0.981419100
Cys_knot	14	694	0.710917500
DAO	14	2397	1.000000000
Dynamin_N	14	1506	1.000000000
EF-hand_3	14	99	0.000000000
EF-hand_4	14	754	0.836191200
FYVE_2	14	692	0.706800500
Gla	14	245	0.003593676
Glyco_hydro_15	14	2659	1.000000000
Glyco_hydro_18	14	1946	1.000000000
IL8	14	654	0.625023500
Interferon	14	1781	1.000000000
Lactamase_B_2	14	556	0.407236500
LON	14	1089	1.000000000
MBD	14	161	0.000004191
Miro	14	577	0.453681800
Paralemmin	14	1068	1.000000000
PAX	14	846	0.956786000
Pcc1	14	134	0.000000020
Peptidase_C1	14	1813	1.000000000
PI-PLC-X	14	1243	1.000000000
RasGEF_N	14	663	0.645025900
RnaseA	14	1325	1.000000000
RUN	14	1281	1.000000000
Sec6	14	2156	1.000000000
Syja_N	14	1533	1.000000000
TTL	14	2668	1.000000000
UT	14	915	1.000000000
AAA_17	13	711	0.859220700
Acyltransferase	13	1183	1.000000000
APC10	13	443	0.247110700
BEX	13	1355	1.000000000
BRCT_assoc	13	275	0.020253640
bZIP_1	13	544	0.474014000
CARD	13	942	1.000000000
CATSPERD	13	1380	1.000000000
CN_hydrolase	13	737	0.911993400
DAGAT	13	1780	1.000000000
DEAD_2	13	515	0.404455600
DEP	13	488	0.343537600
Disintegrin	13	540	0.464171000
DUF3591	13	928	1.000000000
Endonuclease_NS	13	1134	1.000000000
Fz	13	1176	1.000000000
HATPase_c	13	682	0.796486900
HHH_5	13	267	0.016187740
Iso_dh	13	1116	1.000000000
Kelch_3	13	252	0.010024350
LBP_BPI_CETP	13	1108	1.000000000
LBP_BPI_CETP_C	13	1347	1.000000000
MAGE_N	13	879	1.000000000
MBOAT	13	1961	1.000000000
MBT	13	587	0.574705300
Med12-LCEWAV	13	1361	1.000000000
Nup153	13	522	0.419472000
PMG	13	1183	1.000000000
Sec1	13	2751	1.000000000
Sec16_C	13	735	0.908304500
Septin	13	2089	1.000000000
SH3_2	13	540	0.464171000
Thyroglobulin_1	13	682	0.796486900
zf-C2H2_6	13	217	0.002212873
Acyl-CoA_dh_N	12	910	1.000000000
AKAP_110	12	1446	1.000000000
Biopterin_H	12	996	1.000000000
Branch	12	1310	1.000000000
C8	12	443	0.324306800
CABIT	12	773	1.000000000
Calpain_III	12	1195	1.000000000
Cast	12	1563	1.000000000
CCDC144C	12	1230	1.000000000
CPSase_L_D2	12	1437	1.000000000
CTP_transf_2	12	751	0.980774100
DDE_1	12	781	1.000000000
Dpy19	12	3314	0.986416500
DUF1041	12	410	0.249579400
DUF3384	12	422	0.276445200
DUF3414	12	1718	1.000000000
DUF3498	12	596	0.713652300
FAM131	12	293	0.053020710
FERM_N	12	546	0.586090600
FMO-like	12	1788	1.000000000
FYVE	12	533	0.552203600
GDA1_CD39	12	2867	0.995344300
GRAM	12	352	0.135185600
L_HGMIC_fpl	12	900	1.000000000
MMR_HSR1	12	823	1.000000000
Myelin_PLP	12	766	0.994129600
Na_Ca_ex	12	888	1.000000000
Neuralized	12	348	0.128742800
PALP	12	1421	1.000000000
PAS_9	12	754	0.983477100
PDEase_I_N	12	61	0.000000000
Peptidase_M10	12	1585	1.000000000
PIP5K	12	817	1.000000000
PTB	12	658	0.863057500
Rootletin	12	479	0.412895100
RYDR_ITPR	12	1210	1.000000000
Spc97_Spc98	12	2534	1.000000000
TIM	12	239	0.012313790
Transket_pyr	12	924	1.000000000
Troponin	12	562	0.628758700
ubiquitin	12	537	0.561846200
zf-B_box	12	309	0.071073640
zf-met	12	271	0.032438030
AAA_5	11	1024	1.000000000
AIG1	11	1395	1.000000000
Ald_Xan_dh_C2	11	1078	1.000000000
Aminotran_5	11	2172	1.000000000
Ank_4	11	257	0.039508530
Anticodon_1	11	747	1.000000000
Asp-B-Hydro_N	11	614	0.889444300
BRO1	11	1534	1.000000000
CENP-P	11	177	0.001376043
Choline_transpo	11	1603	1.000000000
Crystall	11	685	0.977393300
DCX	11	377	0.252484400
DNA_methylase	11	1203	1.000000000
DUF4455	11	474	0.512750900
E2F_TDP	11	423	0.371015400
Exostosin	11	401	0.309696500
F_actin_bind	11	213	0.009932146
FBA	11	771	1.000000000
Gal_Lectin	11	248	0.032085480
GBP	11	1609	1.000000000
Glyco_transf_10	11	1815	1.000000000
Glyco_transf_54	11	800	1.000000000
Hexokinase_2	11	1440	1.000000000
KAT11	11	614	0.889444300
LRRNT	11	143	0.000055230
LSM14	11	236	0.022176410
MutS_V	11	961	1.000000000
Nckap1	11	2237	1.000000000
OB_NTP_bind	11	860	1.000000000
Ocular_alb	11	404	0.318352300
PAP2	11	1000	1.000000000
Pentaxin	11	774	1.000000000
Peptidase_S9	11	1279	1.000000000
PHO4	11	1241	1.000000000
Phosphodiest	11	2150	1.000000000
PI3K_p85B	11	78	0.000000000
RHD	11	1183	1.000000000
Rod_C	11	359	0.209084500
TB	11	257	0.039508530
TMEM206	11	297	0.091199830
TORC_N	11	95	0.000000000
Transglut_N	11	602	0.860173300
TSP_3	11	209	0.008309727
V_ATPase_I	11	2732	0.992891100
zf-C3HC4_3	11	383	0.267214400
AAA_12	10	1197	1.000000000
Adap_comp_sub	10	1416	1.000000000
Alk_phosphatase	10	1312	1.000000000
ALMS_motif	10	263	0.080105960
Amidase_2	10	697	1.000000000
AMP-binding_C	10	323	0.201569500
Angiomotin_C	10	630	0.985270100
CAS_CSE1	10	436	0.528113500
Claudin_2	10	1259	1.000000000
Copine	10	885	1.000000000
CRAL_TRIO	10	971	1.000000000
Cystatin	10	765	1.000000000
DCAF15_WD40	10	217	0.023977740
DDHD	10	1103	1.000000000
Drf_GBD	10	763	1.000000000
DUF1917	10	221	0.027871680
DUF4371	10	370	0.326912200
EamA	10	908	1.000000000
ELO	10	1191	1.000000000
Epimerase	10	824	1.000000000
GBP_C	10	1311	1.000000000
HATPase_c_3	10	679	1.000000000
HEM4	10	237	0.043869650
Ins145_P3_rec	10	1076	1.000000000
L6_membrane	10	995	1.000000000
Laminin_B	10	950	1.000000000
Latrophilin	10	1062	1.000000000
Mab-21	10	1695	1.000000000
Macro	10	449	0.566272600
MIF4G	10	1917	1.000000000
MRVI1	10	1636	1.000000000
Peptidase_M13	10	1111	1.000000000
Peptidase_M2	10	1911	1.000000000
Porin_3	10	1117	1.000000000
Proteasome	10	1095	1.000000000
PYRIN	10	492	0.700176200
RNase_PH_C	10	66	0.000000000
SBF2	10	452	0.576230900
Sec16	10	102	0.000000148
Sterol-sensing	10	398	0.409638300
TMEM151	10	506	0.740990600
TNFR_c6	10	231	0.037159810
tRNA-synt_1	10	2219	1.000000000
Ufd2P_core	10	1267	1.000000000
Xan_ur_permease	10	1156	1.000000000
A2M_N_2	9	599	1.000000000
Activin_recp	9	526	0.933534000
Ago_hook	9	298	0.219910000
ArfGap	9	730	1.000000000
Arrestin_C	9	901	1.000000000
CIMR	9	630	1.000000000
Citrate_synt	9	662	1.000000000
Clathrin_lg_ch	9	168	0.006781774
CLCA_N	9	783	1.000000000
Cu_amine_oxid	9	1242	1.000000000
DAGK_acc	9	990	1.000000000
Death	9	482	0.827742900
DENN	9	972	1.000000000
DNA_ligase_A_M	9	604	1.000000000
E1_DerP2_DerF2	9	429	0.654511900
EMI	9	148	0.001808761
EMP70	9	1157	1.000000000
ERO1	9	803	1.000000000
FANCF	9	355	0.399624100
Fasciclin	9	865	1.000000000
Ferric_reduct	9	1204	1.000000000
FHA	9	364	0.428268600
FXa_inhibition	9	297	0.217079200
G-gamma	9	259	0.124385500
GKAP	9	1397	1.000000000
Glyco_hydro_35	9	1123	1.000000000
Glyco_hydro_38	9	1699	1.000000000
GOLGA2L5	9	1250	1.000000000
IL1	9	697	1.000000000
IL10	9	649	1.000000000
IQ-like	9	97	0.000000742
IRF	9	663	1.000000000
JCAD	9	1348	1.000000000
Laminin_I	9	1328	1.000000000
Lamp	9	1068	1.000000000
Ldh_1_N	9	704	1.000000000
Linker_histone	9	295	0.212209300
LTD	9	240	0.085971540
LUC7	9	552	0.967012300
MACPF	9	871	1.000000000
Mesothelin	9	1071	1.000000000
MIG-14_Wnt-bd	9	619	1.000000000
Mtc	9	1379	1.000000000
Na_K-ATPase	9	1009	1.000000000
NPIP	9	509	0.908747600
NUDIX	9	1184	1.000000000
Otopetrin	9	952	1.000000000
OTU	9	716	1.000000000
P53_TAD	9	25	0.000000000
PAS_11	9	501	0.885430400
Peptidase_C48	9	602	1.000000000
Peptidase_M16_C	9	754	1.000000000
Phosphorylase	9	1400	1.000000000
PI3K_1B_p101	9	1033	1.000000000
PLDc_3	9	361	0.418291200
PNK3P	9	163	0.005302103
POM121	9	754	1.000000000
Prominin	9	1611	1.000000000
SAB	9	147	0.001624625
SMC_hinge	9	482	0.827742900
Sorb	9	50	0.000000000
Stathmin	9	547	0.960760000
Stork_head	9	109	0.000012986
STT3	9	493	0.861547700
T4_deiodinase	9	515	0.918612400
TB2_DP1_HVA22	9	348	0.377238300
TFR_dimer	9	369	0.446680000
Thiolase_N	9	1047	1.000000000
Tmemb_14	9	172	0.008810377
Tox-GHH	9	158	0.003752669
TRAPPC9-Trs120	9	1108	1.000000000
tRNA-synt_1b	9	1366	1.000000000
Tub	9	1014	1.000000000
Tubulin_C	9	760	1.000000000
VIT	9	587	1.000000000
zf-3CxxC	9	404	0.565901800
zf-piccolo	9	123	0.000131341
ZU5	9	550	0.964521600
14-3-3	8	708	1.000000000
2OG-FeII_Oxy_3	8	439	0.864188200
A2M_N	8	493	0.970260800
AAA_11	8	671	1.000000000
Abhydrolase_3	8	700	1.000000000
Adenylsucc_synt	8	848	1.000000000
Aminotran_3	8	1365	1.000000000
Ammonium_transp	8	1859	0.997130000
ARID	8	272	0.244986800
ASXH	8	397	0.712456800
BicD	8	1445	1.000000000
Biotin_carb_C	8	407	0.749380300
BIR	8	464	0.928162600
C4	8	563	1.000000000
CABS1	8	395	0.705252100
Casc1	8	188	0.041241370
CHD5	8	238	0.143086300
Choline_kinase	8	649	1.000000000
Chromo	8	436	0.853964900
Clat_adaptor_s	8	835	1.000000000
CP2	8	1140	1.000000000
Cu-oxidase_3	8	615	1.000000000
Cylicin_N	8	170	0.020872930
dDENN	8	363	0.581994200
DOCK-C2	8	1350	1.000000000
DUF3513	8	586	1.000000000
DUF3694	8	347	0.521357100
E1_dh	8	1559	1.000000000
ECH	8	1249	1.000000000
ecTbetaR2	8	119	0.000495629
EF-hand_8	8	315	0.397652500
ERAP1_C	8	1614	1.000000000
FA_desaturase	8	490	0.966079900
FAM194	8	419	0.793972900
FAST_2	8	352	0.539996600
FF	8	212	0.083320480
FKBP_C	8	528	1.000000000
Glyco_hydro_20	8	1137	1.000000000
Glyco_transf_90	8	1051	1.000000000
Glycogen_syn	8	1265	1.000000000
GNT-I	8	754	1.000000000
His_Phos_1	8	917	1.000000000
HNOB	8	447	0.890945300
Homeobox_KN	8	241	0.150056100
IMPDH	8	1423	1.000000000
JAB	8	579	1.000000000
LRAT	8	656	1.000000000
MAP2_projctn	8	1129	1.000000000
MORN	8	160	0.012664060
Myb_DNA-bind_4	8	519	1.000000000
Myc_N	8	619	1.000000000
NAD_kinase	8	564	1.000000000
OAS1_C	8	939	1.000000000
ORC2	8	312	0.386914300
P2X_receptor	8	1605	1.000000000
PAD_M	8	798	1.000000000
Peptidase_C12	8	419	0.793972900
Peptidase_C65	8	230	0.123837300
Peptidase_M28	8	1151	1.000000000
Piwi	8	1481	1.000000000
Pkinase_C	8	191	0.046142210
PPAK	8	112	0.000195634
R3H	8	222	0.103556300
Rap_GAP	8	567	1.000000000
REJ	8	1605	1.000000000
Requiem_N	8	148	0.006344884
RGS-like	8	562	1.000000000
RNA_pol_A_bac	8	135	0.002505010
RRM_5	8	284	0.285147100
Snf7	8	1181	1.000000000
Synaphin	8	222	0.103556300
TAFA	8	331	0.458897400
TCL1_MTCP1	8	344	0.509978800
TEA	8	1341	1.000000000
Tet_JBP	8	1802	0.999162800
TF_AP-2	8	416	0.783005800
TMC	8	509	0.991931000
Toprim	8	386	0.672140600
Tower	8	42	0.000000000
TPR_1	8	225	0.111288400
Transglut_core	8	803	1.000000000
Trichoplein	8	1273	1.000000000
tRNA-synt_1e	8	414	0.775628400
tRNA-synt_2	8	1460	1.000000000
tRNA-synt_2b	8	962	1.000000000
Vitellogenin_N	8	1109	1.000000000
VWA_2	8	872	1.000000000
zf-C2H2_4	8	120	0.000547664
3Beta_HSD	7	1070	1.000000000
6PF2K	7	953	1.000000000
AAA_33	7	596	1.000000000
Acetyltransf_1	7	489	1.000000000
Astacin	7	766	1.000000000
BAR_3_WASP_bdg	7	399	0.915848000
Beta_helix	7	664	1.000000000
CAGE1	7	492	1.000000000
CaKB	7	797	1.000000000
CLPTM1	7	810	1.000000000
Cobalamin_bind	7	961	1.000000000
Cyclin_C	7	364	0.783005800
Cyt-b5	7	229	0.210808900
DDE_Tnp_1_7	7	1332	1.000000000
DIE2_ALG10	7	800	1.000000000
DNA_ligase_A_N	7	354	0.740115100
DNA_pol_B	7	1283	1.000000000
DNA_pol_E_B	7	217	0.171383200
Dor1	7	426	0.961658500
DUF1220	7	201	0.123131300
DUF1900	7	407	0.929895900
DUF2464	7	504	1.000000000
DUF3452	7	125	0.004602773
DUF3733	7	118	0.002476665
DUF4457	7	689	1.000000000
E3_UbLigase_R4	7	797	1.000000000
ETS_PEA3_N	7	1033	1.000000000
FAA_hydrolase	7	822	1.000000000
FAD_binding_1	7	909	1.000000000
FAM219A	7	258	0.322440200
FAM222A	7	968	1.000000000
FG-GAP	7	78	0.000001859
Folate_rec	7	839	1.000000000
FRG1	7	190	0.093410960
GlcNAc_2-epim	7	660	1.000000000
Glyco_hydro_79n	7	613	1.000000000
Glyco_transf_22	7	1248	1.000000000
Glycos_transf_3	7	232	0.220823000
GSDH	7	372	0.816065600
GSG-1	7	250	0.290676700
HbrB	7	216	0.167950100
HCaRG	7	881	1.000000000
Helicase_C_2	7	546	1.000000000
HNF-1B_C	7	260	0.331358200
Hormone_1	7	998	1.000000000
HRM	7	350	0.723162400
HS1_rep	7	102	0.000366479
HSF_DNA-bind	7	330	0.638403900
Hydrolase_like	7	157	0.030991980
IL28A	7	162	0.037544340
IMS	7	794	1.000000000
Inositol_P	7	1451	1.000000000
KAP_NTPase	7	514	1.000000000
Lung_7-TM_R	7	1091	1.000000000
Lys	7	731	1.000000000
MDM1	7	578	1.000000000
MgtE	7	432	0.971250700
Mtp	7	432	0.971250700
Mucin2_WxxW	7	265	0.353209500
Myb_DNA-binding	7	196	0.108728400
NDK	7	514	1.000000000
Ndr	7	734	1.000000000
Neuregulin	7	1132	1.000000000
NIF	7	1036	1.000000000
NMDAR2_C	7	1271	1.000000000
Noelin-1	7	202	0.125947500
NTR	7	531	1.000000000
Nucleoporin_C	7	1099	1.000000000
OSTMP1	7	247	0.279567200
PAS	7	353	0.735725900
Peptidase_C69	7	656	1.000000000
PI3K_rbd	7	218	0.174792600
Pou	7	375	0.828189200
PRMT5	7	1045	1.000000000
PRY	7	343	0.694341700
Rad51	7	920	1.000000000
Rav1p_C	7	1457	1.000000000
Reeler	7	133	0.008309727
Rhodanese	7	696	1.000000000
Rhomboid	7	507	1.000000000
Ribonuc_2-5A	7	259	0.326912200
Ribosomal_L7Ae	7	471	1.000000000
Ribosomal_S6	7	95	0.000112538
S_100	7	256	0.313418000
SAM_PNT	7	334	0.655963100
SBF	7	729	1.000000000
SCP-1	7	765	1.000000000
Sec63	7	1947	0.985993700
SK_channel	7	165	0.042183890
S-methyl_trans	7	899	1.000000000
SNARE	7	187	0.086724430
SPARC_Ca_bdg	7	722	1.000000000
STAT_alpha	7	551	1.000000000
STAT_int	7	361	0.770325900
Transferrin	7	986	1.000000000
TRAPPC-Trs85	7	861	1.000000000
Treacle	7	310	0.548385700
TRM	7	791	1.000000000
TRP_2	7	126	0.004997968
V-ATPase_C	7	1054	1.000000000
VPS9	7	414	0.941852100
WH1	7	718	1.000000000
WTX	7	736	1.000000000
XK-related	7	1764	0.991983700
zf-HC5HC2H	7	339	0.677473300
5_nucleotid	6	1000	1.000000000
ACC_central	6	727	1.000000000
Aconitase	6	958	1.000000000
ADH_N	6	402	1.000000000
ADH_zinc_N	6	413	1.000000000
AdoHcyase	6	1281	1.000000000
AKNA	6	108	0.004997968
Anillin	6	253	0.484152200
APCDDC	6	427	1.000000000
Arginase	6	601	1.000000000
Arylesterase	6	86	0.000262324
Bax1-I	6	386	0.999362400
Beach	6	1119	1.000000000
Bestrophin	6	761	1.000000000
BNR_2	6	747	1.000000000
bZIP_Maf	6	361	0.953782800
CALCOCO1	6	588	1.000000000
CBS	6	342	0.915848000
CG-1	6	210	0.272047700
Clusterin	6	856	1.000000000
Cofilin_ADF	6	382	0.992371600
CRAL_TRIO_N	6	319	0.816743000
Daxx	6	740	1.000000000
DC_STAMP	6	412	1.000000000
DIL	6	216	0.297972500
DUF1193	6	642	1.000000000
DUF1394	6	610	1.000000000
DUF1693	6	1043	1.000000000
DUF3312	6	941	1.000000000
DUF3338	6	279	0.618263900
DUF3585	6	858	1.000000000
DUF3699	6	154	0.069679820
DUF4483	6	324	0.840168300
DUF4501	6	156	0.075214780
DUF4552	6	672	1.000000000
DUF500	6	126	0.019253960
EF-hand_2	6	293	0.689452500
EF-hand_6	6	124	0.017049770
Endostatin	6	515	1.000000000
Enolase_C	6	873	1.000000000
EpoR_lig-bind	6	203	0.240360300
EPTP	6	224	0.337246500
ETAA1	6	382	0.992371600
FAD-oxidase_C	6	829	1.000000000
F-box	6	124	0.017049770
FGGY_N	6	802	1.000000000
Folate_carrier	6	749	1.000000000
Formyl_trans_C	6	215	0.293727200
Fumble	6	691	1.000000000
G10	6	144	0.047750210
GATase	6	597	1.000000000
GED	6	276	0.602308400
Glyco_transf_49	6	571	1.000000000
Glycos_transf_1	6	815	1.000000000
GTF2I	6	152	0.064154320
HAP1_N	6	877	1.000000000
HAUS4	6	191	0.190946400
hDGE_amylase	6	431	1.000000000
HSNSD	6	1606	0.988288500
IF-2B	6	721	1.000000000
IL6Ra-bind	6	294	0.694341700
Interfer-bind	6	404	1.000000000
IPK	6	428	1.000000000
IRS	6	459	1.000000000
K167R	6	560	1.000000000
Kelch_6	6	101	0.002438802
KRAP_IP3R_bind	6	399	1.000000000
KRTAP	6	193	0.198557900
Laminin_II	6	497	1.000000000
LAP1C	6	918	1.000000000
Lep_receptor_Ig	6	175	0.131978000
LMBR1	6	1246	1.000000000
MatE	6	246	0.446680000
Med13_C	6	1050	1.000000000
Miff	6	468	1.000000000
MLIP	6	428	1.000000000
Mre11_DNA_bind	6	168	0.108728400
mTERF	6	839	1.000000000
muHD	6	796	1.000000000
NAC	6	116	0.009798695
Neurexophilin	6	826	1.000000000
Neuro_bHLH	6	245	0.441196100
Nuc_sug_transp	6	992	1.000000000
NUT_C	6	261	0.525117100
NYD-SP12_N	6	568	1.000000000
Pax7	6	88	0.000407429
Pecanex_C	6	591	1.000000000
Pellino	6	1248	1.000000000
Peptidase_A22B	6	927	1.000000000
Peptidase_M16	6	543	1.000000000
Peptidase_MA_2	6	163	0.093777770
PFK	6	1360	0.998751000
PfkB	6	803	1.000000000
PGK	6	777	1.000000000
PGM_PMM_III	6	251	0.473606100
PLC-beta_C	6	622	1.000000000
PLDc_2	6	318	0.811991800
Pro_isomerase	6	958	1.000000000
Pyr_redox	6	333	0.880996200
Radial_spoke	6	994	1.000000000
Raftlin	6	974	1.000000000
Ribonucleas_3_3	6	115	0.009059072
RNB	6	1257	1.000000000
rRNA_proc-arch	6	363	0.957601700
RyR	6	374	0.978054900
Sarcoglycan_2	6	556	1.000000000
Serinc	6	1497	0.992605400
SNF5	6	196	0.209755900
SOBP	6	480	1.000000000
SPAN-X	6	365	0.961389100
STAG	6	360	0.951861400
SWIB	6	120	0.012664060
Syndecan	6	133	0.028510410
Tcf25	6	420	1.000000000
THEG	6	137	0.034742780
TIP49	6	876	1.000000000
Trefoil	6	177	0.138365900
Tropomodulin	6	420	1.000000000
Tropomyosin	6	323	0.835526800
TROVE	6	808	1.000000000
TSP_C	6	599	1.000000000
TTKRSYEDQ	6	506	1.000000000
UBA_e1_C	6	260	0.520100100
UDPGP	6	1225	1.000000000
UPF0564	6	723	1.000000000
VCBS	6	221	0.321692500
VHS	6	598	1.000000000
VWA_3	6	652	1.000000000
WT1	6	177	0.138365900
WW	6	180	0.147747400
XPG_N	6	502	1.000000000
zf-C3HC4_2	6	243	0.430126700
zf-CCHC_6	6	40	0.000000000
Zfx_Zfy_act	6	647	1.000000000
2-Hacid_dh	5	941	1.000000000
3HCDH_N	5	641	1.000000000
7TM_GPCR_Srsx	5	820	1.000000000
A_deamin	5	1091	1.000000000
ABC2_membrane	5	851	1.000000000
Acyl-CoA_dh_M	5	276	0.872963900
Acylphosphatase	5	178	0.287733800
Alpha_adaptinC2	5	345	1.000000000
Amidase	5	913	1.000000000
Androgen_recep	5	444	1.000000000
ANTH	5	1080	1.000000000
Anth_Ig	5	105	0.019253960
Arrestin_N	5	315	0.985270100
ArsA_ATPase	5	304	0.961011800
ART	5	752	1.000000000
ATP-synt_S1	5	406	1.000000000
Atrophin-1	5	2004	0.753037800
Avl9	5	647	1.000000000
B56	5	1640	0.889468100
BAG	5	302	0.956459300
Beta_elim_lyase	5	157	0.180870800
BRCA-2_OB3	5	139	0.104596300
CaMKII_AD	5	256	0.759208100
CAP_GLY	5	334	1.000000000
Cas1_AcylT	5	492	1.000000000
Cation_ATPase_N	5	270	0.840168300
CD99L2	5	458	1.000000000
CDC73	5	603	1.000000000
CEP170_C	5	1115	0.999824900
CLASP_N	5	758	1.000000000
Cluap1	5	272	0.851220700
COBRA1	5	475	1.000000000
COMPASS-Shg1	5	216	0.516065700
Connexin_CCC	5	339	1.000000000
CPSase_L_chain	5	344	1.000000000
Cu2_monoox_C	5	165	0.217079200
DAP3	5	296	0.942526100
Dapper	5	643	1.000000000
Diphthamide_syn	5	431	1.000000000
DLIC	5	1112	1.000000000
DMAP_binding	5	231	0.608721800
DNA_pol_A	5	1149	0.997853800
DNA_primase_lrg	5	267	0.823357300
DREV	5	228	0.589355500
Drf_FH1	5	431	1.000000000
DUF1011	5	204	0.440095200
DUF1042	5	461	1.000000000
DUF2146	5	286	0.918336800
DUF2450	5	270	0.840168300
DUF2476	5	784	1.000000000
DUF3166	5	282	0.904706900
DUF3544	5	211	0.485199900
DUF3608	5	272	0.851220700
DUF3827	5	509	1.000000000
DUF4071	5	752	1.000000000
DUF4149	5	102	0.015247620
DUF4500	5	130	0.075214780
DUF4551	5	471	1.000000000
DUF4638	5	264	0.806260400
DUF773	5	503	1.000000000
DZR	5	61	0.000015679
eIF-1a	5	64	0.000039068
ELL	5	838	1.000000000
Epiglycanin_TR	5	166	0.222463000
eRF1_1	5	239	0.658569800
ERM	5	687	1.000000000
EST1_DNA_bind	5	794	1.000000000
FAD_binding_8	5	423	1.000000000
FAM217	5	458	1.000000000
Fmp27	5	675	1.000000000
fn1	5	79	0.001131696
fn2	5	126	0.062572740
Frag1	5	979	1.000000000
FTHFS	5	620	1.000000000
Fucokinase	5	472	1.000000000
G2F	5	378	1.000000000
Gastrin	5	101	0.013872640
GAT	5	384	1.000000000
Gate	5	393	1.000000000
GDNF	5	335	1.000000000
Gly_rich	5	422	1.000000000
Glyco_transf_43	5	635	1.000000000
GMP_PDE_delta	5	304	0.961011800
GPCR_chapero_1	5	1317	0.989262100
GRIN_C	5	402	1.000000000
GSH_synth_ATP	5	360	1.000000000
GST_N	5	223	0.557520400
GTP_EFTU_D2	5	375	1.000000000
hGDE_central	5	279	0.888963600
HSP20	5	265	0.811991800
HSP90	5	1482	0.964329900
IL17	5	251	0.728822800
IMD	5	639	1.000000000
Integrin_B_tail	5	251	0.728822800
ISK_Channel	5	308	0.969983200
Josephin	5	321	0.997972900
Kelch_4	5	210	0.478894800
L27	5	162	0.203815900
Lactamase_B	5	710	1.000000000
LCCL	5	478	1.000000000
LIX1	5	504	1.000000000
Lysyl_oxidase	5	522	1.000000000
MH1	5	303	0.958741200
MM_CoA_mutase	5	516	1.000000000
MMS1_N	5	994	1.000000000
MOR2-PAG1_N	5	1068	1.000000000
MOZ_SAS	5	708	1.000000000
N1221	5	575	1.000000000
Na_Pi_cotrans	5	146	0.132621700
NAD_binding_1	5	457	1.000000000
NCD3G	5	157	0.180870800
NGF	5	234	0.627714300
NKAIN	5	700	1.000000000
Nramp	5	495	1.000000000
Nrf1_activ_bdg	5	55	0.000001428
NUP50	5	51	0.000000148
OST3_OST6	5	310	0.974403800
P5-ATPase	5	393	1.000000000
P5CR_dimer	5	316	0.987412300
PA	5	488	1.000000000
Pacs-1	5	828	1.000000000
PAP_central	5	349	1.000000000
PC-Esterase	5	496	1.000000000
PCI	5	328	1.000000000
PDGF	5	244	0.688471600
Phosducin	5	316	0.987412300
Phospholip_A2_1	5	356	1.000000000
PHTB1_N	5	422	1.000000000
PID_2	5	502	1.000000000
PIP49_N	5	159	0.190178700
PLA2_B	5	929	1.000000000
PNTB	5	463	1.000000000
polyprenyl_synt	5	740	1.000000000
Prenylcys_lyase	5	534	1.000000000
Pribosyltran_N	5	235	0.633964000
Protocadherin	5	655	1.000000000
PTR2	5	779	1.000000000
Radical_SAM	5	536	1.000000000
Ran_BP1	5	290	0.928162600
RINGv	5	139	0.104596300
RNA_pol_Rpb2_1	5	815	1.000000000
RNase_Zc3h12a	5	625	1.000000000
RPE65	5	1045	1.000000000
RR_TM4-6	5	538	1.000000000
RVT_1	5	271	0.845709800
SAPS	5	564	1.000000000
SbcCD_C	5	158	0.185546900
SCAMP	5	534	1.000000000
SDA1	5	510	1.000000000
SelR	5	197	0.398362900
SIR2	5	595	1.000000000
Spin-Ssty	5	201	0.420745000
Sulfate_tra_GLY	5	228	0.589355500
Synapsin_C	5	609	1.000000000
TALPID3	5	1229	0.993542800
TGS	5	118	0.042559680
TGT	5	524	1.000000000
Tissue_fac	5	330	1.000000000
Titin_Z	5	42	0.000000000
Tmemb_9	5	271	0.845709800
Tmemb_cc2	5	721	1.000000000
Topoisom_bac	5	828	1.000000000
TPK_catalytic	5	134	0.088074570
TPR_12	5	349	1.000000000
TraB	5	597	1.000000000
Transglut_core2	5	176	0.277321000
Transketolase_N	5	507	1.000000000
TRIC	5	487	1.000000000
tRNA-synt_1d	5	696	1.000000000
tRNA-synt_1g	5	1041	1.000000000
UBA	5	183	0.314325000
Ubiq_cyt_C_chap	5	141	0.112816300
UMPH-1	5	246	0.700176200
UPAR_LY6	5	284	0.913346100
UPF0183	5	706	1.000000000
USP7_C2	5	215	0.509978800
VWA_N	5	361	1.000000000
W2	5	236	0.640174100
WAP	5	131	0.078484920
zf-CCCH	5	102	0.015247620
zf-MYND	5	75	0.000547664
4HBT	4	231	0.925113900
ABC_membrane_2	4	858	1.000000000
ACT_7	4	69	0.003090036
ADH_zinc_N_2	4	303	1.000000000
AIF_C	4	131	0.211597200
AIRS_C	4	482	1.000000000
Alpha-mann_mid	4	258	1.000000000
AP_endonuc_2	4	196	0.694341700
ApoL	4	763	1.000000000
APP_E2	4	559	1.000000000
Apt1	4	475	1.000000000
ASD2	4	582	1.000000000
Bap31	4	444	1.000000000
BK_channel_a	4	205	0.760711800
BRF1	4	95	0.044521520
BRK	4	143	0.291593500
Ca_chan_IQ	4	35	0.000000001
Ca_hom_mod	4	699	1.000000000
Cache_1	4	190	0.649415600
Cadherin_pro	4	271	1.000000000
Calsarcin	4	299	1.000000000
Carboxyl_trans	4	1174	0.971799700
Cg6151-P	4	150	0.342362000
Chon_Sulph_att	4	139	0.265392100
CHRD	4	339	1.000000000
CIDE-N	4	196	0.694341700
CitMHS	4	417	1.000000000
CLTH	4	602	1.000000000
Cnd1	4	379	1.000000000
Cornifin	4	102	0.066871670
CPSase_sm_chain	4	319	1.000000000
CS	4	227	0.912718500
CSD	4	205	0.760711800
CTNNB1_binding	4	463	1.000000000
Cu2_monooxygen	4	269	1.000000000
CUT	4	347	1.000000000
Cys_rich_FGFR	4	170	0.494574100
DAN	4	235	0.937191400
DCA16	4	216	0.840168300
DNA_ligase_A_C	4	224	0.894239400
DNA_pol_A_exo1	4	558	1.000000000
DNA_topoisoIV	4	917	0.998009900
Dna2	4	217	0.847090400
DP	4	289	1.000000000
DUF1053	4	198	0.708861300
DUF106	4	351	1.000000000
DUF1075	4	144	0.297972500
DUF1086	4	470	1.000000000
DUF1162	4	255	0.993251500
DUF1356	4	465	1.000000000
DUF1682	4	339	1.000000000
DUF1908	4	553	1.000000000
DUF221	4	685	1.000000000
DUF2352	4	473	1.000000000
DUF2353	4	313	1.000000000
DUF3361	4	324	1.000000000
DUF3512	4	238	0.946048900
DUF3550	4	496	1.000000000
DUF3819	4	150	0.342362000
DUF4098	4	143	0.291593500
DUF4195	4	539	1.000000000
DUF4200	4	259	1.000000000
DUF4203	4	199	0.716038800
DUF4414	4	112	0.108728400
DUF498	4	72	0.004997968
DUF908	4	282	1.000000000
Dynactin	4	280	1.000000000
Dynamitin	4	390	1.000000000
Dzip-like_N	4	121	0.153089000
EBP	4	382	1.000000000
ECM1	4	567	1.000000000
EF-hand_like	4	258	1.000000000
eIF2A	4	392	1.000000000
EMP24_GP25L	4	367	1.000000000
ENT	4	67	0.002305645
Ephrin	4	568	1.000000000
ER_lumen_recept	4	286	1.000000000
ERG4_ERG24	4	1008	0.991983700
ETF	4	165	0.454843400
F-actin_cap_A	4	540	1.000000000
FAD_binding_3	4	423	1.000000000
FAM117	4	826	1.000000000
FAM124	4	467	1.000000000
FAM196	4	1014	0.991615200
FAM53	4	753	1.000000000
FAM75	4	849	1.000000000
Fascin	4	334	1.000000000
FBPase	4	324	1.000000000
FDX-ACB	4	188	0.633964000
FGGY_C	4	264	1.000000000
Flavodoxin_1	4	317	1.000000000
FMN_dh	4	684	1.000000000
Formyl_trans_N	4	353	1.000000000
FTCD_C	4	185	0.610318600
FtsJ	4	552	1.000000000
FXR1P_C	4	177	0.547341600
G6PD_C	4	295	1.000000000
Gar1	4	315	1.000000000
Gasdermin	4	951	0.995657400
GATA	4	146	0.311145800
GCR	4	376	1.000000000
GCV_T	4	653	1.000000000
GDI	4	894	0.999676900
GFO_IDH_MocA	4	350	1.000000000
GIDA	4	786	1.000000000
Gln-synt_C	4	497	1.000000000
Globin	4	324	1.000000000
GLTP	4	424	1.000000000
Gly_acyl_tr_N	4	549	1.000000000
Glyco_hydro_30	4	494	1.000000000
Glyco_hydro_38C	4	1279	0.907937500
Glyco_tranf_2_3	4	475	1.000000000
Glyco_transf_25	4	185	0.610318600
Glycolytic	4	999	0.992542800
Glyoxalase	4	229	0.918956900
GST_C_2	4	369	1.000000000
GTP_EFTU_D3	4	309	1.000000000
Ham1p_like	4	180	0.569603100
HIN	4	507	1.000000000
HMG14_17	4	190	0.649415600
HORMA	4	490	1.000000000
HPS3_Mid	4	389	1.000000000
HSA	4	145	0.304285400
Hyccin	4	622	1.000000000
IBB	4	292	1.000000000
IER	4	436	1.000000000
ITI_HC_C	4	344	1.000000000
Keratin_B2	4	206	0.768197300
LRR_9	4	483	1.000000000
Malic_M	4	506	1.000000000
MAP65_ASE1	4	579	1.000000000
MCC-bdg_PDZ	4	126	0.183214400
MCRS_N	4	198	0.708861300
Med13_N	4	385	1.000000000
Med22	4	117	0.133585200
Med26	4	90	0.031661250
Metallothio	4	245	0.966079900
Methyltransf_11	4	259	1.000000000
Methyltransf_16	4	261	1.000000000
Microtub_assoc	4	121	0.153089000
MIS13	4	281	1.000000000
Mob1_phocein	4	453	1.000000000
Mon1	4	1572	0.765173100
Neurensin	4	358	1.000000000
NMD3	4	514	1.000000000
NO_synthase	4	744	1.000000000
NT-C2	4	294	1.000000000
Nucleoplasmin	4	368	1.000000000
Nucleoside_tran	4	814	1.000000000
NYAP_N	4	1146	0.984254000
Orn_DAP_Arg_deC	4	249	0.977144900
OST-HTH	4	214	0.826178800
p25-alpha	4	287	1.000000000
p53-inducible11	4	158	0.401197700
PA26	4	888	1.000000000
Paf67	4	401	1.000000000
PAN_1	4	170	0.494574100
PapD-like	4	94	0.041241370
Patatin	4	620	1.000000000
PAZ	4	550	1.000000000
PCAF_N	4	405	1.000000000
PEPCK	4	1041	0.989996200
Peptidase_M20	4	1065	0.988609200
Peptidase_M49	4	565	1.000000000
Peptidase_S10	4	844	1.000000000
Peptidase_S28	4	662	1.000000000
Peptidase_S9_N	4	756	1.000000000
Perilipin	4	1189	0.962161300
Pex16	4	312	1.000000000
PI31_Prot_N	4	144	0.297972500
PLU-1	4	330	1.000000000
Podoplanin	4	162	0.430126700
Pol_alpha_B_N	4	234	0.934201100
Prefoldin	4	335	1.000000000
Prenyltrans	4	89	0.029304750
Pre-SET	4	320	1.000000000
PRP1_N	4	157	0.394090200
PRP3	4	216	0.840168300
PTCB-BRCT	4	126	0.183214400
PXA	4	339	1.000000000
Rab_eff_C	4	853	1.000000000
Radial_spoke_3	4	290	1.000000000
Retinal	4	1264	0.916570900
Rib_hydrolayse	4	549	1.000000000
RICTOR_N	4	383	1.000000000
RIO1	4	390	1.000000000
RNA_pol_L	4	490	1.000000000
RNA_pol_Rpb1_5	4	1193	0.959621800
RNase_H2-Ydr279	4	530	1.000000000
Rotamase_3	4	61	0.000650744
Rpr2	4	189	0.641720500
Runt	4	270	1.000000000
RWD	4	458	1.000000000
Saccharop_dh	4	850	1.000000000
SapB_1	4	72	0.004997968
Sarcoglycan_1	4	410	1.000000000
SART-1	4	639	1.000000000
Sclerostin	4	411	1.000000000
Scramblase	4	603	1.000000000
Sec23_BS	4	189	0.641720500
Sec3-PIP2_bind	4	92	0.036258360
SecY	4	400	1.000000000
SEEK1	4	149	0.334675900
SIM_C	4	312	1.000000000
SIN1	4	420	1.000000000
Smg4_UPF3	4	341	1.000000000
SRCR_2	4	282	1.000000000
SRRM_C	4	70	0.003593676
Sulfatase_C	4	404	1.000000000
Surp	4	217	0.847090400
SWIRM	4	89	0.029304750
TACC	4	407	1.000000000
Thymidylat_synt	4	284	1.000000000
Tim17	4	317	1.000000000
TIMELESS_C	4	480	1.000000000
Tis11B_N	4	350	1.000000000
TLD	4	354	1.000000000
TMEM52	4	285	1.000000000
TMEM71	4	153	0.364965900
TMEM95	4	150	0.342362000
Treslin_N	4	798	1.000000000
tRNA_m1G_MT	4	499	1.000000000
tRNA-synt_2c	4	1173	0.972448800
tRNA-synt_2d	4	280	1.000000000
tRNA-synt_His	4	327	1.000000000
Tweety	4	407	1.000000000
UCH_1	4	378	1.000000000
Utp14	4	1439	0.824418200
Vasohibin	4	247	0.971646000
Vps16_C	4	319	1.000000000
Vps52	4	508	1.000000000
Vps53_N	4	415	1.000000000
Xpo1	4	483	1.000000000
Yip1	4	671	1.000000000
zf-C2H2_2	4	101	0.063167300
zf-FCS	4	86	0.022463550
zf-H2C2_5	4	74	0.006344884
zf-RING_6	4	42	0.000000398
zf-TRAF	4	166	0.462933000
SEP	3	75	0.060176700
3HCDH	3	192	0.995880700
5-nucleotidase	3	542	1.000000000
A2M	3	271	1.000000000
AAA_4	3	268	1.000000000
ABC1	3	221	1.000000000
Abhydro_lipase	3	25	0.000000000
Abi_HHR	3	79	0.080644290
ACBP	3	89	0.141519400
Acetyltransf_2	3	261	1.000000000
ACT	3	130	0.520100100
adh_short_C2	3	380	1.000000000
AhpC-TSA_2	3	186	0.974403800
AICARFT_IMPCHas	3	328	1.000000000
AIRS	3	199	1.000000000
AKAP7_RIRII_bdg	3	61	0.014791560
Alg6_Alg8	3	679	0.998847600
Allantoicase	3	335	1.000000000
Alpha-amylase	3	754	0.992148600
Alpha-amylase_C	3	180	0.951861400
Amelin	3	453	1.000000000
ARHGEF5_35	3	138	0.602308400
Asn_synthase	3	119	0.405898800
Atg8	3	316	1.000000000
ATP1G1_PLM_MAT8	3	107	0.289452200
ATP-synt_ab_N	3	199	1.000000000
ATP-synt_F6	3	97	0.202319400
Ax_dynein_light	3	383	1.000000000
Barttin	3	225	1.000000000
Basic	3	283	1.000000000
Bclx_interact	3	37	0.000019664
BioT2	3	170	0.911623600
BNIP2	3	260	1.000000000
BRICHOS	3	245	1.000000000
BROMI	3	1287	0.711960800
BSMAP	3	391	1.000000000
bZIP_2	3	163	0.849387100
CAF1	3	792	0.989123800
Calreticulin	3	682	0.998558600
Calsequestrin	3	767	0.991088500
CAMSAP_CKK	3	130	0.520100100
Carb_kinase	3	442	1.000000000
CarboxypepD_reg	3	230	1.000000000
Casein_kappa	3	162	0.840168300
CBAH	3	246	1.000000000
CBF	3	365	1.000000000
CBM_21	3	109	0.306375300
CDK5_activator	3	628	1.000000000
cEGF	3	72	0.047750210
CENP-S	3	76	0.064154320
Ceramidase	3	461	1.000000000
CHDCT2	3	346	1.000000000
Chitin_synth_2	3	362	1.000000000
Churchill	3	65	0.023648390
CKAP2_C	3	670	0.999726200
CoA_trans	3	430	1.000000000
Codanin-1_C	3	121	0.424540700
COPIIcoated_ERV	3	473	1.000000000
Cornichon	3	131	0.530105300
Cpn10	3	80	0.085971540
CR6_interact	3	212	1.000000000
Cse1	3	656	1.000000000
CTDII	3	243	1.000000000
CTP_transf_1	3	662	1.000000000
dCMP_cyt_deam_1	3	224	1.000000000
DcpS_C	3	234	1.000000000
DDA1	3	64	0.021406240
DEK_C	3	108	0.297972500
DHDPS	3	204	1.000000000
DJ-1_PfpI	3	254	1.000000000
DNA_mis_repair	3	349	1.000000000
DNA_pol_B_palm	3	213	1.000000000
DNA_pol_phi	3	909	0.947731200
DND1_DSRM	3	132	0.539996600
dNK	3	318	1.000000000
DSL	3	63	0.019253960
DUF1388	3	65	0.023648390
DUF1395	3	235	1.000000000
DUF1751	3	103	0.254138400
DUF1794	3	156	0.783005800
DUF1973	3	356	1.000000000
DUF2051	3	476	1.000000000
DUF2216	3	404	1.000000000
DUF2217	3	1091	0.816989500
DUF2360	3	139	0.612974300
DUF2371	3	334	1.000000000
DUF2465	3	960	0.907367400
DUF3371	3	127	0.489378500
DUF3446	3	91	0.155155200
DUF3456	3	246	1.000000000
DUF3588	3	237	1.000000000
DUF3595	3	352	1.000000000
DUF3669	3	234	1.000000000
DUF3730	3	459	1.000000000
DUF3740	3	287	1.000000000
DUF4207	3	265	1.000000000
DUF4482	3	281	1.000000000
DUF4487	3	553	1.000000000
DUF4525	3	277	1.000000000
DUF4527	3	273	1.000000000
DUF4569	3	298	1.000000000
DUF4584	3	433	1.000000000
DUF4588	3	251	1.000000000
DUF4599	3	188	0.981676900
DUF4607	3	265	1.000000000
DUF4628	3	443	1.000000000
DUF572	3	715	0.995500500
DUF608	3	368	1.000000000
DUF89	3	313	1.000000000
Dus	3	917	0.941177700
EB1_binding	3	174	0.928162600
EF-hand_5	3	76	0.064154320
EGF_2	3	89	0.141519400
EHN	3	113	0.347443400
eIF_4EBP	3	218	1.000000000
ELMO_CED12	3	234	1.000000000
Enamelin	3	903	0.952703500
ENTH	3	242	1.000000000
Erv26	3	365	1.000000000
EST1	3	231	1.000000000
Evr1_Alr	3	204	1.000000000
FAD_binding_5	3	362	1.000000000
FAM110_C	3	237	1.000000000
FAM176	3	281	1.000000000
FAM209	3	302	1.000000000
FAM220	3	252	1.000000000
FANCL_C	3	122	0.435678400
Far-17a_AIG1	3	291	1.000000000
FATC	3	66	0.026908170
Fe-ADH	3	493	1.000000000
FIIND	3	257	1.000000000
Flavodoxin_2	3	235	1.000000000
Folliculin	3	331	1.000000000
Fox-1_C	3	91	0.155155200
FRG2	3	546	1.000000000
Fringe	3	444	1.000000000
FSA_C	3	605	1.000000000
FTO_NTD	3	292	1.000000000
G6PD_N	3	176	0.936196800
Gaa1	3	700	0.996863700
GAGE	3	215	1.000000000
GAS2	3	79	0.080644290
GATase_2	3	400	1.000000000
GBA2_N	3	305	1.000000000
GCC2_GCC3	3	96	0.194767000
GF_recep_IV	3	223	1.000000000
GHMP_kinases_C	3	169	0.902970100
Glutaredoxin	3	128	0.499739000
Glyco_hydro_2_C	3	533	1.000000000
Glyco_tranf_2_4	3	242	1.000000000
Glyco_trans_1_4	3	248	1.000000000
Glyco_transf_6	3	598	1.000000000
Glyco_transf_64	3	492	1.000000000
Glycophorin_A	3	200	1.000000000
Golgin_A5	3	950	0.915025000
GST_N_3	3	151	0.732789500
Gtr1_RagA	3	681	0.998654700
GYF	3	114	0.357505600
HABP4_PAI-RBP1	3	99	0.217079200
hEGF	3	39	0.000055230
HgmA	3	430	1.000000000
HhH-GPD	3	278	1.000000000
Hid1	3	785	0.989664400
HMGL-like	3	749	0.992563700
HPHLAWLY	3	632	1.000000000
HPS3_C	3	354	1.000000000
HTH_Tnp_Tc5	3	191	0.992371600
Hus1	3	280	1.000000000
Hydrolase_6	3	212	1.000000000
I_LWEQ	3	303	1.000000000
IDO	3	463	1.000000000
INSIG	3	368	1.000000000
Insulin	3	428	1.000000000
INTS5_C	3	710	0.995950100
IP_trans	3	506	1.000000000
Kazal_1	3	160	0.821471900
Kinetochor_Ybp2	3	561	1.000000000
Ku	3	203	1.000000000
Latexin	3	352	1.000000000
LCAT	3	589	1.000000000
LEM	3	86	0.122187900
Leu_zip	3	520	1.000000000
Lge1	3	119	0.405898800
Lipocalin_2	3	146	0.684538000
LMWPc	3	146	0.684538000
LRR_5	3	287	1.000000000
Ly49	3	249	1.000000000
Lyase_1	3	581	1.000000000
LysM	3	44	0.000407429
MAPEG	3	348	1.000000000
MARCKS	3	481	1.000000000
Med16	3	717	0.995322000
Med20	3	198	1.000000000
Med24_N	3	987	0.887276500
Med25_SD1	3	125	0.468285500
Membr_traf_MHD	3	311	1.000000000
Menin	3	396	1.000000000
Metallophos_2	3	441	1.000000000
Methyltransf_23	3	366	1.000000000
Methyltransf_31	3	250	1.000000000
Methyltransf_PK	3	216	1.000000000
MHC_II_beta	3	150	0.723162400
MIB_HERC2	3	167	0.885430400
MMPL	3	190	0.988834800
Motile_Sperm	3	216	1.000000000
Motilin_assoc	3	62	0.017049770
MRP-S22	3	243	1.000000000
MutS_II	3	144	0.664624800
Myb_DNA-bind_6	3	193	0.999362400
MYCBPAP	3	423	1.000000000
NAD_Gly3P_dh_C	3	302	1.000000000
Ninjurin	3	208	1.000000000
NIPSNAP	3	257	1.000000000
NNMT_PNMT_TEMT	3	570	1.000000000
Nol1_Nop2_Fmu	3	576	1.000000000
Notch	3	78	0.075214780
Nrap	3	497	1.000000000
Nrf1_DNA-bind	3	346	1.000000000
Nt_Gln_amidase	3	180	0.951861400
NTF2	3	243	1.000000000
NTP_transf_2	3	207	1.000000000
Nuf2	3	124	0.457548100
NUFIP2	3	601	1.000000000
NUT_N	3	648	1.000000000
ODAM	3	264	1.000000000
Opiods_neuropep	3	23	0.000000000
Orn_Arg_deC_N	3	478	1.000000000
OTCace	3	151	0.732789500
P_proprotein	3	179	0.947994500
PA28_beta	3	300	1.000000000
PAF-AH_p_II	3	750	0.992480300
Pam16	3	100	0.226273200
PAT1	3	722	0.994879000
PB1	3	172	0.919988600
PBP	3	440	1.000000000
Peptidase_C54	3	308	1.000000000
Peptidase_C97	3	145	0.674632900
Peptidase_M41	3	405	1.000000000
Peptidase_M48	3	267	1.000000000
Peptidase_S24	3	78	0.075214780
Peptidase_S74	3	61	0.014791560
Period_C	3	410	1.000000000
PEX-2N	3	84	0.108728400
PG_binding_1	3	181	0.955696200
PGAP1	3	381	1.000000000
PGI	3	568	1.000000000
PH_BEACH	3	321	1.000000000
Phospholip_A2_2	3	76	0.064154320
PHTB1_C	3	381	1.000000000
PhzC-PhzF	3	251	1.000000000
PIG-H	3	141	0.633964000
PINIT	3	313	1.000000000
PLA2G12	3	372	1.000000000
PLAC	3	101	0.235699500
PLAC9	3	54	0.004997968
PMM	3	441	1.000000000
Porphobil_deam	3	411	1.000000000
PP2C_C	3	81	0.091199830
PPP5	3	180	0.951861400
PRKCSH	3	151	0.732789500
PROL5-SMR	3	196	1.000000000
PRP21_like_P	3	402	1.000000000
PTE	3	333	1.000000000
PurA	3	483	1.000000000
RAB3GAP2_C	3	604	1.000000000
RB_B	3	345	1.000000000
RBM1CTR	3	90	0.147747400
Response_reg	3	236	1.000000000
Ribonuc_red_sm	3	372	1.000000000
Ribophorin_II	3	627	1.000000000
Ribosomal_L10	3	196	1.000000000
Ribosomal_S24e	3	86	0.122187900
Ribosomal_S4	3	179	0.947994500
Ribosomal_S8e	3	449	1.000000000
RIIa	3	36	0.000009578
RNase_P_p30	3	151	0.732789500
RPA_C	3	97	0.202319400
RQC	3	293	1.000000000
Rtf2	3	526	1.000000000
S1-like	3	58	0.009798695
SAND	3	82	0.096332090
SapB_2	3	35	0.000005873
SARG	3	607	1.000000000
SCO1-SenC	3	365	1.000000000
Sds3	3	341	1.000000000
Sec10	3	619	1.000000000
Sec3_C	3	703	0.996587600
Sec39	3	655	1.000000000
Seipin	3	207	1.000000000
Semenogelin	3	953	0.912715000
SERTA	3	113	0.347443400
Skp1_POZ	3	110	0.316437100
SNase	3	348	1.000000000
SOCS_box	3	118	0.396466900
Somatomedin_B	3	87	0.128742800
Sorting_nexin	3	192	0.995880700
Sox_C_TAD	3	232	1.000000000
Sp100	3	208	1.000000000
SPATA6	3	266	1.000000000
SPC22	3	175	0.932196900
SPO22	3	259	1.000000000
Sprouty	3	222	1.000000000
SSDP	3	351	1.000000000
ST7	3	989	0.885821300
Steroid_dh	3	305	1.000000000
Strabismus	3	500	1.000000000
Striatin	3	135	0.569603100
Strumpellin	3	1081	0.823304200
Suppressor_APC	3	165	0.867572600
Syntaphilin	3	318	1.000000000
Synuclein	3	258	1.000000000
SYS1	3	74	0.056118660
TAFH	3	96	0.194767000
Talin_middle	3	324	1.000000000
TatD_DNase	3	758	0.991819500
TBD	3	115	0.367436400
TFIIA	3	470	1.000000000
THF_DHG_CYH_C	3	343	1.000000000
Thioredoxin_6	3	545	1.000000000
Thioredoxin_7	3	249	1.000000000
Tho2	3	304	1.000000000
THUMP	3	298	1.000000000
TIL	3	163	0.849387100
TIMELESS	3	265	1.000000000
TMEM219	3	249	1.000000000
TMEM223	3	252	1.000000000
Topoisom_I	3	476	1.000000000
TPP_enzyme_N	3	168	0.894239400
TPT	3	465	1.000000000
Transketolase_C	3	371	1.000000000
Transmemb_17	3	218	1.000000000
Transposase_22	3	347	1.000000000
tRNA_SAD	3	82	0.096332090
TruD	3	830	0.986309100
Trypsin_2	3	515	1.000000000
TSGA13	3	273	1.000000000
TSKS	3	567	1.000000000
Tyrosinase	3	234	1.000000000
UbiA	3	482	1.000000000
UBX	3	246	1.000000000
UCR_6-4kD	3	56	0.006781774
UPF0061	3	550	1.000000000
UPF0160	3	323	1.000000000
Urocanase	3	579	1.000000000
Uteroglobin	3	170	0.911623600
UvrD-helicase	3	315	1.000000000
Vps5	3	602	1.000000000
V-set_CD47	3	135	0.569603100
WD-3	3	262	1.000000000
WGR	3	170	0.911623600
WH2	3	84	0.108728400
WIF	3	136	0.580625000
WSC	3	163	0.849387100
WWbp	3	106	0.280811500
WWE	3	213	1.000000000
XendoU	3	272	1.000000000
XLF	3	163	0.849387100
XRCC1_N	3	360	1.000000000
zf-C2HC	3	93	0.171383200
zf-primase	3	46	0.000725277
zf-RanBP	3	57	0.008309727
zf-TAZ	3	155	0.773157300
Zw10	3	613	1.000000000
2OG-FeII_Oxy	2	184	1.000000000
2-oxoacid_dh	2	400	1.000000000
4_1_CTD	2	228	1.000000000
4F5	2	38	0.008309727
5_nucleotid_C	2	176	1.000000000
60KD_IMP	2	421	1.000000000
AAA_30	2	232	1.000000000
Abhydrolase_2	2	437	1.000000000
Acatn	2	407	1.000000000
ACOX	2	303	1.000000000
Acyl_transf_1	2	316	1.000000000
ADP_ribosyl_GH	2	646	0.900577300
Afaf	2	198	1.000000000
Agenet	2	124	0.974403800
AhpC-TSA	2	119	0.946048900
AKAP95	2	330	1.000000000
ALIX_LYPXL_bnd	2	589	0.969211500
Alpha_kinase	2	201	1.000000000
Amidohydro_5	2	147	1.000000000
Ank_5	2	105	0.797602400
AP3B1_C	2	147	1.000000000
APC_basic	2	357	1.000000000
APC2	2	61	0.159262100
APC8	2	131	1.000000000
Aph-1	2	245	1.000000000
APP_amyloid	2	53	0.083320480
APP_N	2	159	1.000000000
Arfaptin	2	456	0.998367000
ARL2_Bind_BART	2	93	0.618263900
Armet	2	154	1.000000000
ASL_C2	2	70	0.272047700
Asp_Arg_Hydrox	2	163	1.000000000
Asp_protease	2	240	1.000000000
Asparaginase	2	339	1.000000000
Asparaginase_2	2	629	0.920067600
AstE_AspA	2	361	1.000000000
ATG_C	2	104	0.783005800
ATP_Ca_trans_C	2	64	0.194767000
ATP-sulfurylase	2	452	0.998944300
ATP-synt_C	2	135	1.000000000
ATP-synt_G	2	79	0.401197700
Autophagy_N	2	187	1.000000000
B3_4	2	169	1.000000000
BAAT_C	2	207	1.000000000
BBS2_C	2	215	1.000000000
bcl-2I13	2	159	1.000000000
Biliv-reduc_cat	2	115	0.922045500
Brix	2	194	1.000000000
BTD	2	153	1.000000000
BTG	2	233	1.000000000
C2-set	2	153	1.000000000
C5-epim_C	2	192	1.000000000
C9orf72-like	2	266	1.000000000
Calcyon	2	355	1.000000000
Caldesmon	2	496	0.992982900
CAMSAP_CH	2	172	1.000000000
CAP_N	2	609	0.944034200
CAP-ZIP_m	2	265	1.000000000
Catalase	2	386	1.000000000
Caudal_act	2	159	1.000000000
CBF_beta	2	78	0.386914300
CBFNT	2	79	0.401197700
Cbl_N2	2	85	0.494574100
CC2D2AN-C2	2	173	1.000000000
CCDC142	2	419	1.000000000
CCDC32	2	124	0.974403800
CCDC66	2	159	1.000000000
CCDC71L	2	511	0.991128800
CCDC84	2	320	1.000000000
CCDC92	2	63	0.183214400
CD34_antigen	2	196	1.000000000
CDO_I	2	170	1.000000000
CDP-OH_P_transf	2	430	1.000000000
CENP-F_N	2	307	1.000000000
CENP-X	2	66	0.217079200
CEP19	2	151	1.000000000
Cep57_CLD	2	340	1.000000000
Ceramidase_alk	2	678	0.865898600
Chisel	2	86	0.509978800
CHORD	2	130	1.000000000
Chorein_N	2	100	0.723162400
CIA30	2	174	1.000000000
CK_II_beta	2	184	1.000000000
Clathrin_propel	2	32	0.001300402
CLP_protease	2	182	1.000000000
CMS1	2	231	1.000000000
Cmyb_C	2	171	1.000000000
Cnd2	2	708	0.835546600
CoA_transf_3	2	148	1.000000000
Condensin2nSMC	2	154	1.000000000
CPSase_L_D3	2	248	1.000000000
Creatinase_N	2	84	0.478894800
CReP_N	2	411	1.000000000
CTC1	2	1142	0.555554900
Cu_amine_oxidN3	2	200	1.000000000
CUE	2	82	0.446680000
Cul7	2	76	0.357505600
Cu-oxidase_2	2	253	1.000000000
cwf18	2	135	1.000000000
Cys_Met_Meta_PP	2	377	1.000000000
Cytochrom_C1	2	219	1.000000000
CytochromB561_N	2	555	0.986130700
DAD	2	113	0.907306500
Dak2	2	131	1.000000000
Dickkopf_N	2	53	0.083320480
Dishevelled	2	144	1.000000000
DLL_N	2	169	1.000000000
DMP1	2	513	0.990887800
DMPK_coil	2	61	0.159262100
DNA_gyraseB	2	165	1.000000000
DNase_II	2	331	1.000000000
DOMON	2	203	1.000000000
DTW	2	417	1.000000000
DUF1352	2	183	1.000000000
DUF1370	2	210	1.000000000
DUF1445	2	161	1.000000000
DUF1624	2	162	1.000000000
DUF1632	2	77	0.372353200
DUF1712	2	796	0.757352900
DUF1875	2	243	1.000000000
DUF1899	2	130	1.000000000
DUF1907	2	392	1.000000000
DUF1943	2	314	1.000000000
DUF2046	2	340	1.000000000
DUF2054	2	131	1.000000000
DUF2152	2	624	0.925951100
DUF2181	2	480	0.995055600
DUF2228	2	252	1.000000000
DUF2346	2	48	0.047750210
DUF2358	2	40	0.012664060
DUF2431	2	171	1.000000000
DUF2451	2	236	1.000000000
DUF2462	2	88	0.539996600
DUF2781	2	298	1.000000000
DUF3028	2	589	0.969211500
DUF3350	2	120	0.951861400
DUF3395	2	140	1.000000000
DUF3402	2	403	1.000000000
DUF3429	2	142	1.000000000
DUF3437	2	90	0.569603100
DUF3528	2	278	1.000000000
DUF3548	2	216	1.000000000
DUF3554	2	344	1.000000000
DUF3651	2	76	0.357505600
DUF3736	2	92	0.602308400
DUF3754	2	124	0.974403800
DUF3776	2	102	0.753171400
DUF4174	2	259	1.000000000
DUF4205	2	297	1.000000000
DUF4209	2	90	0.569603100
DUF4456	2	207	1.000000000
DUF4475	2	79	0.401197700
DUF4504	2	251	1.000000000
DUF4513	2	132	1.000000000
DUF4533	2	226	1.000000000
DUF4537	2	127	0.990606700
DUF4553	2	471	0.996267700
DUF4554	2	452	0.998944300
DUF4556	2	197	1.000000000
DUF4559	2	196	1.000000000
DUF4571	2	434	1.000000000
DUF4577	2	131	1.000000000
DUF4590	2	116	0.928162600
DUF4592	2	123	0.968871400
DUF4601	2	439	1.000000000
DUF4603	2	1280	0.506470100
DUF4613	2	671	0.873272100
DUF4615	2	121	0.957601700
DUF4616	2	537	0.988101000
DUF4617	2	1071	0.587303900
DUF4629	2	151	1.000000000
DUF4636	2	182	1.000000000
DUF4644	2	158	1.000000000
DUF4647	2	454	0.998654700
DUF4655	2	533	0.988552400
DUF4656	2	370	1.000000000
DUF4660	2	106	0.811991800
DUF607	2	214	1.000000000
DUF647	2	248	1.000000000
DUF676	2	197	1.000000000
DUF737	2	162	1.000000000
DUF758	2	372	1.000000000
DUF812	2	598	0.957725400
DUF829	2	156	1.000000000
DUF846	2	289	1.000000000
DUF913	2	387	1.000000000
DUF938	2	65	0.206051900
DUF971	2	97	0.679598300
Dymeclin	2	646	0.900577300
DZF	2	249	1.000000000
E_Pc_C	2	463	0.997374600
EF_TS	2	133	1.000000000
EFG_II	2	148	1.000000000
EF-hand_1	2	58	0.128742800
EF-hand_9	2	68	0.244986800
eIF3_N	2	81	0.430126700
ELFV_dehydrog_N	2	133	1.000000000
ELM2	2	111	0.880996200
EMG1	2	176	1.000000000
EPO_TPO	2	317	1.000000000
ERCC4	2	315	1.000000000
ERGIC_N	2	99	0.708861300
ERK-JNK_inhib	2	61	0.159262100
ETF_QO	2	110	0.867572600
EXS	2	352	1.000000000
F420_oxidored	2	87	0.525117100
FAD_binding_2	2	395	1.000000000
FAM101	2	336	1.000000000
FAM180	2	136	1.000000000
FAM183	2	92	0.602308400
FAM70	2	505	0.991860500
FANCI_S4	2	256	1.000000000
Fcf1	2	174	1.000000000
FCH	2	177	1.000000000
Fe_hyd_lg_C	2	294	1.000000000
Fe_hyd_SSU	2	112	0.894239400
Fer4_20	2	114	0.915848000
Fib_alpha	2	293	1.000000000
Flt3_lig	2	90	0.569603100
FLYWCH	2	59	0.138365900
FNIP_C	2	185	1.000000000
FNIP_M	2	239	1.000000000
Fork_head_N	2	226	1.000000000
FPN1	2	510	0.991249800
Fructosamin_kin	2	308	1.000000000
FTCD	2	145	1.000000000
FTCD_N	2	178	1.000000000
FYRC	2	88	0.539996600
Fzo_mitofusin	2	171	1.000000000
G6B	2	198	1.000000000
GABP-alpha	2	89	0.554624500
GATase_6	2	95	0.649415600
GCFC	2	486	0.994266400
GCIP	2	397	1.000000000
GCS	2	334	1.000000000
GCV_T_C	2	94	0.633964000
GDE_C	2	484	0.994527800
GHBP	2	308	1.000000000
GHMP_kinases_N	2	95	0.649415600
Glucosamine_iso	2	347	1.000000000
Glutenin_hmw	2	349	1.000000000
Glyco_hydro_39	2	521	0.989937500
Glyco_transf_11	2	517	0.990409900
Glyco_transf_18	2	592	0.965353800
Glyco_transf_41	2	469	0.996541700
Glyco_transf_7C	2	159	1.000000000
GMC_oxred_C	2	139	1.000000000
GMP_synt_C	2	201	1.000000000
Got1	2	166	1.000000000
Gpi16	2	249	1.000000000
GPP34	2	234	1.000000000
Granulin	2	86	0.509978800
GRASP55_65	2	274	1.000000000
GRIP	2	46	0.036258360
GrpE	2	250	1.000000000
GSHPx	2	114	0.915848000
GST_C_3	2	301	1.000000000
GyrI-like	2	144	1.000000000
HARE-HTH	2	146	1.000000000
HECA	2	102	0.753171400
Heme_oxygenase	2	383	1.000000000
HGTP_anticodon	2	191	1.000000000
HHH_8	2	66	0.217079200
Hira	2	175	1.000000000
HMG_box_5	2	85	0.494574100
HNF-1_N	2	176	1.000000000
HNOBA	2	252	1.000000000
hSac2	2	227	1.000000000
Hyd_WA	2	32	0.001300402
HYR	2	166	1.000000000
IBR	2	141	1.000000000
ICAT	2	81	0.430126700
IF4E	2	164	1.000000000
Ifi-6-16	2	158	1.000000000
IFT57	2	359	1.000000000
IGFBP	2	109	0.853964900
IGFL	2	91	0.586090600
IL17_R_N	2	800	0.754266100
IL3	2	118	0.940162700
IL33	2	264	1.000000000
IMS_C	2	133	1.000000000
INCA1	2	164	1.000000000
Ins_P5_2-kin	2	446	0.999824900
Ins134_P3_kin	2	318	1.000000000
Integrase_DNA	2	72	0.297972500
IPPT	2	200	1.000000000
JmjN	2	69	0.258664400
Katanin_con80	2	315	1.000000000
KCNQC3-Ank-G_bd	2	99	0.708861300
ketoacyl-synt	2	419	1.000000000
Ketoacyl-synt_C	2	116	0.928162600
KH_2	2	77	0.372353200
Ku_C	2	99	0.708861300
La	2	116	0.928162600
Leuk-A4-hydro_C	2	147	1.000000000
LIM_bind	2	205	1.000000000
LINES_N	2	352	1.000000000
Lipin_N	2	228	1.000000000
LRRCT	2	26	0.000055230
LSM	2	76	0.357505600
LTV	2	439	1.000000000
Lyase_aromatic	2	957	0.648845200
M_domain	2	269	1.000000000
M20_dimer	2	324	1.000000000
MA3	2	221	1.000000000
Macoilin	2	663	0.881841500
MAGP	2	150	1.000000000
malic	2	364	1.000000000
Man-6-P_recep	2	132	1.000000000
Mannosyl_trans2	2	545	0.987213300
MAT1	2	200	1.000000000
MCM_N	2	230	1.000000000
MCM2_N	2	137	1.000000000
Meckelin	2	922	0.669993700
Med11	2	189	1.000000000
Med15	2	372	1.000000000
Med19	2	172	1.000000000
Med23	2	1313	0.495894800
Memo	2	285	1.000000000
MENTAL	2	337	1.000000000
Mesd	2	184	1.000000000
Met_10	2	425	1.000000000
Methyltransf_18	2	208	1.000000000
Methyltransf_2	2	402	1.000000000
Methyltransf_3	2	370	1.000000000
Methyltransf_32	2	392	1.000000000
Methyltransf_5	2	138	1.000000000
Methyltransf_FA	2	104	0.783005800
Methyltrn_RNA_3	2	292	1.000000000
Mg_trans_NIPA	2	301	1.000000000
MGS	2	217	1.000000000
MgsA_C	2	154	1.000000000
MHC_I_C	2	29	0.000335502
Milton	2	163	1.000000000
MIP-T3	2	571	0.984458200
Mitofilin	2	644	0.902830200
MMS22L_N	2	706	0.837509800
MNNL	2	142	1.000000000
Mo25	2	666	0.878610000
MoCF_biosynth	2	164	1.000000000
Mo-co_dimer	2	128	0.995880700
Mod_r	2	150	1.000000000
MOSC	2	212	1.000000000
MPC	2	221	1.000000000
Mpp10	2	641	0.906229100
Mpv17_PMP22	2	68	0.244986800
MRAP	2	89	0.554624500
MRG	2	553	0.986344900
MRI	2	102	0.753171400
MRP-S23	2	132	1.000000000
MRP-S31	2	296	1.000000000
MRP-S32	2	99	0.708861300
Mss4	2	107	0.826178800
Mst1_SARAH	2	49	0.054058630
MTS	2	240	1.000000000
Mut7-C	2	127	0.990606700
Myelin-PO_C	2	70	0.272047700
Myf5	2	142	1.000000000
NAD_binding_6	2	155	1.000000000
NAD_synthase	2	316	1.000000000
NAGidase	2	303	1.000000000
NAGLU	2	338	1.000000000
NARG2_C	2	214	1.000000000
NARP1	2	1024	0.611428600
NatB_MDM20	2	396	1.000000000
NCU-G1	2	73	0.311145800
Ndc1_Nup	2	650	0.896102800
Neurokinin_B	2	55	0.098863140
Neuromodulin_N	2	31	0.000872534
Nexin_C	2	218	1.000000000
NfI_DNAbd_pre-N	2	44	0.026908170
Nic96	2	828	0.733287900
NIDO	2	90	0.569603100
NIF3	2	214	1.000000000
Nipped-B_C	2	184	1.000000000
Nitroreductase	2	171	1.000000000
NMT_C	2	188	1.000000000
Noc2	2	299	1.000000000
NOC3p	2	98	0.694341700
Nop	2	149	1.000000000
Nop14	2	838	0.726051700
NosD	2	176	1.000000000
NPL4	2	310	1.000000000
NPR3	2	293	1.000000000
NRDE-2	2	348	1.000000000
Nsp1_C	2	85	0.494574100
Nucleoporin_N	2	834	0.728930700
Nup96	2	300	1.000000000
NYN	2	142	1.000000000
Occludin_ELL	2	205	1.000000000
OCD_Mu_crystall	2	253	1.000000000
ORC5_C	2	256	1.000000000
OSR1_C	2	38	0.008309727
P21-Arc	2	173	1.000000000
P34-Arc	2	231	1.000000000
PACT_coil_coil	2	83	0.462933000
PAH	2	94	0.633964000
PAPA-1	2	50	0.060176700
ParBc	2	92	0.602308400
ParcG	2	149	1.000000000
PBC	2	198	1.000000000
PBD	2	116	0.928162600
PCI_Csn8	2	140	1.000000000
PDCD9	2	429	1.000000000
PDGF_N	2	75	0.342362000
PDZ_assoc	2	137	1.000000000
PEN-2	2	94	0.633964000
Peptidase_C1_2	2	447	0.999676900
Peptidase_C13	2	262	1.000000000
Peptidase_M17	2	622	0.928324300
Peptidase_M3	2	897	0.685851700
Peptidase_M43	2	306	1.000000000
Peptidase_M8	2	576	0.983949800
Peroxin-3	2	133	1.000000000
PEX11	2	285	1.000000000
Pex2_Pex12	2	444	1.000000000
Pex26	2	305	1.000000000
PH_3	2	103	0.768197300
PI31_Prot_C	2	90	0.569603100
PIN_4	2	163	1.000000000
Pirin	2	98	0.694341700
PK	2	354	1.000000000
PKD	2	148	1.000000000
PMC2NT	2	92	0.602308400
PMI_typeI	2	288	1.000000000
POPLD	2	92	0.602308400
PP1c_bdg	2	372	1.000000000
PPP4R2	2	266	1.000000000
PQ-loop	2	122	0.963271200
PRA1	2	313	1.000000000
PRELI	2	314	1.000000000
Pribosyl_synth	2	300	1.000000000
Pribosyltran	2	228	1.000000000
PRKCSH-like	2	174	1.000000000
Pro_racemase	2	331	1.000000000
Profilin	2	253	1.000000000
Prog_receptor	2	564	0.985181200
Pro-kuma_activ	2	278	1.000000000
Protamine_P2	2	95	0.649415600
Proteasome_A_N	2	23	0.000004191
PseudoU_synth_1	2	242	1.000000000
PTCRA	2	154	1.000000000
PTRF_SDPR	2	518	0.990291200
Pur_DNA_glyco	2	182	1.000000000
PV-1	2	442	1.000000000
PWI	2	71	0.285147100
Rab3-GTPase_cat	2	164	1.000000000
Rad10	2	64	0.194767000
Rad17	2	591	0.966636300
Rad9	2	202	1.000000000
RAI16-like	2	398	1.000000000
RAMP	2	230	1.000000000
RDD	2	161	1.000000000
Receptor_IA-2	2	108	0.840168300
Rep_fac_C	2	218	1.000000000
ResIII	2	189	1.000000000
Retrotrans_gag	2	94	0.633964000
RF-1	2	130	1.000000000
RFC1	2	154	1.000000000
RFX_DNA_binding	2	172	1.000000000
Rhomboid_SP	2	218	1.000000000
Ribonuc_red_lgC	2	525	0.989470500
Ribophorin_I	2	429	1.000000000
Ribosomal_60s	2	178	1.000000000
Ribosomal_L13	2	166	1.000000000
Ribosomal_L16	2	295	1.000000000
Ribosomal_L28e	2	230	1.000000000
Ribosomal_L50	2	101	0.737922900
Ribosomal_S18	2	55	0.098863140
RILP	2	60	0.147747400
RmlD_sub_bind	2	296	1.000000000
RNA_pol	2	401	1.000000000
RNA_pol_Rpb1_2	2	168	1.000000000
RNA_pol_Rpc82	2	200	1.000000000
Rogdi_lz	2	260	1.000000000
RPA_interact_M	2	49	0.054058630
RPA_interact_N	2	42	0.019253960
RPEL	2	52	0.075214780
RPOL_N	2	304	1.000000000
RRN3	2	546	0.987103700
RrnaAD	2	308	1.000000000
RRP7	2	130	1.000000000
Rubis-subs-bind	2	270	1.000000000
S1	2	158	1.000000000
S-AdoMet_synt_C	2	276	1.000000000
S-AdoMet_synt_N	2	100	0.723162400
SapA	2	34	0.002702170
SCP2	2	208	1.000000000
Sdh_cyt	2	112	0.894239400
Sdh5	2	77	0.372353200
Seryl_tRNA_N	2	111	0.880996200
SGT1	2	585	0.974401300
SH2_2	2	221	1.000000000
SH3BGR	2	98	0.694341700
Shal-type	2	29	0.000335502
Shisa	2	343	1.000000000
SHMT	2	800	0.754266100
Sina	2	388	1.000000000
SIR2_2	2	145	1.000000000
Ski_Sno	2	114	0.915848000
SLAIN	2	382	1.000000000
SLY	2	306	1.000000000
Smac_DIABLO	2	234	1.000000000
SMRP1	2	262	1.000000000
Sod_Cu	2	292	1.000000000
Solute_trans_a	2	278	1.000000000
Sox_N	2	75	0.342362000
Sp38	2	538	0.987989000
SPA	2	217	1.000000000
Spatacsin_C	2	295	1.000000000
Spermine_synth	2	279	1.000000000
Spot_14	2	182	1.000000000
SPRR2	2	136	1.000000000
SPT16	2	161	1.000000000
Spy1	2	123	0.968871400
SR-25	2	212	1.000000000
SRP-alpha_N	2	278	1.000000000
SRPRB	2	180	1.000000000
SSB	2	111	0.880996200
Ssu72	2	191	1.000000000
Stanniocalcin	2	424	1.000000000
STN1_2	2	178	1.000000000
Succ_DH_flav_C	2	153	1.000000000
SUFU_C	2	222	1.000000000
Sulfotransfer_3	2	405	1.000000000
SURF1	2	219	1.000000000
SVA	2	124	0.974403800
Syntaxin	2	204	1.000000000
Syntaxin_2	2	204	1.000000000
Syntaxin-6_N	2	193	1.000000000
TAF1D	2	218	1.000000000
TAFII55_N	2	180	1.000000000
TAN	2	162	1.000000000
Tankyrase_bdg_C	2	173	1.000000000
Tantalus	2	40	0.012664060
Tau95	2	300	1.000000000
TauD	2	258	1.000000000
Taxilin	2	626	0.923589200
TEX13	2	152	1.000000000
TEX19	2	160	1.000000000
TFIIB	2	71	0.285147100
TFIIF_beta	2	101	0.737922900
TFIIS_M	2	217	1.000000000
TH1	2	580	0.980963900
THF_DHG_CYH	2	229	1.000000000
Thiolase_C	2	248	1.000000000
Thioredox_DsbH	2	163	1.000000000
Thoc2	2	77	0.372353200
Tim44	2	220	1.000000000
TIP_N	2	99	0.708861300
TIP41	2	179	1.000000000
TM140	2	181	1.000000000
TMEM164	2	267	1.000000000
TMEM171	2	318	1.000000000
TMEM213	2	83	0.462933000
Tmemb_161AB	2	97	0.679598300
Tmemb_185A	2	287	1.000000000
Tmp39	2	873	0.701712000
TMPIT	2	330	1.000000000
TOMM6	2	74	0.326912200
TORC_C	2	78	0.386914300
Torsin	2	250	1.000000000
TPD52	2	316	1.000000000
Translin	2	77	0.372353200
TRC8_N	2	500	0.992480300
TRM13	2	306	1.000000000
tRNA_anti-codon	2	161	1.000000000
tRNA_Me_trans	2	528	0.989123800
tRNA-synt_1c	2	475	0.995724700
Tudor-knot	2	57	0.118867300
Tyr_Deacylase	2	146	1.000000000
Tyr-DNA_phospho	2	413	1.000000000
TYW3	2	190	1.000000000
UAA	2	506	0.991737700
Ubiquitin_3	2	88	0.539996600
UDG	2	247	1.000000000
UDPG_MGDP_dh	2	98	0.694341700
UME	2	107	0.826178800
UnbV_ASPIC	2	69	0.258664400
UNC45-central	2	219	1.000000000
UPF0016	2	74	0.326912200
UPF0020	2	328	1.000000000
UPF0054	2	146	1.000000000
UPF0240	2	175	1.000000000
Uso1_p115_head	2	286	1.000000000
USP7_ICP0_bdg	2	247	1.000000000
Utp11	2	241	1.000000000
Utp12	2	215	1.000000000
Vac_ImportDeg	2	173	1.000000000
vATP-synt_AC39	2	334	1.000000000
VCX_VCY	2	187	1.000000000
Vert_HS_TF	2	201	1.000000000
Vert_IL3-reg_TF	2	333	1.000000000
VHL	2	255	1.000000000
Vps16_N	2	417	1.000000000
V-SNARE	2	145	1.000000000
V-SNARE_C	2	132	1.000000000
WBP-1	2	207	1.000000000
WRW	2	39	0.010528800
XAP5	2	230	1.000000000
Xylo_C	2	364	1.000000000
YhhN	2	188	1.000000000
YL1_C	2	30	0.000547664
z-alpha	2	118	0.940162700
zf-AN1	2	85	0.494574100
zf-C4H2	2	211	1.000000000
zf-CpG_bind_C	2	237	1.000000000
zf-CW	2	51	0.066871670
zf-GRF	2	88	0.539996600
zf-HC5HC2H_2	2	170	1.000000000
zf-met2	2	33	0.001900130
zf-MIZ	2	100	0.723162400
zf-rbx1	2	75	0.342362000
zf-RING_5	2	104	0.783005800
Zwint	2	249	1.000000000
ZZ	2	90	0.569603100
Jun	1	237	0.995859800
1-cysPrx_C	1	36	0.297972500
2Fe-2S_thioredx	1	147	1.000000000
6PGD	1	291	0.978328800
A2M_recep	1	88	1.000000000
AAA_16	1	155	1.000000000
AAA_18	1	156	1.000000000
AAA_23	1	291	0.978328800
ABC_tran_2	1	90	1.000000000
ABM	1	75	1.000000000
Acetyltransf_13	1	70	1.000000000
Aconitase_C	1	131	1.000000000
AD	1	88	1.000000000
Aha1_N	1	80	1.000000000
AHSP	1	89	1.000000000
AIG2_2	1	75	1.000000000
AIRC	1	147	1.000000000
AKAP7_NLS	1	199	1.000000000
AlaDh_PNT_C	1	203	1.000000000
AlaDh_PNT_N	1	140	1.000000000
Ald_Xan_dh_C	1	107	1.000000000
Alpha_L_fucos	1	357	0.829707000
Alpha-2-MRAP_C	1	214	1.000000000
Amidinotransf	1	178	1.000000000
Amidohydro_4	1	320	0.907367400
Aminotran_4	1	250	0.992480300
Amnionless	1	428	0.713347700
AMOP	1	113	1.000000000
AMP_N	1	138	1.000000000
AMPKBI	1	118	1.000000000
ANATO	1	34	0.244986800
ANP	1	33	0.217079200
APC_15aa	1	16	0.001300402
Apc3	1	79	1.000000000
Apc5	1	101	1.000000000
APG6	1	316	0.916570900
API5	1	79	1.000000000
APS_kinase	1	159	1.000000000
Apyrase	1	289	0.983612700
ARD	1	155	1.000000000
Arginosuc_synth	1	396	0.760463300
ArgK	1	284	0.984766400
ARL6IP6	1	77	1.000000000
ARS2	1	218	1.000000000
ASD1	1	168	1.000000000
ASF1_hist_chap	1	154	1.000000000
ATG16	1	195	1.000000000
ATG22	1	171	1.000000000
ATP-gua_Ptrans	1	248	0.992982900
ATP-synt_ab	1	174	1.000000000
ATP-synt_ab_C	1	145	1.000000000
ATP-synt_D	1	44	0.539996600
ATP-synt_Eps	1	50	0.723162400
ATP-synt_F	1	102	1.000000000
B12D	1	72	1.000000000
B2-adapt-app_C	1	114	1.000000000
B9-C2	1	163	1.000000000
Bac_surface_Ag	1	318	0.911947500
BAMBI	1	108	1.000000000
BASP1	1	226	0.998944300
BAT2_N	1	194	1.000000000
BC10	1	65	1.000000000
BCAS3	1	251	0.992231300
BCDHK_Adom3	1	145	1.000000000
BCIP	1	203	1.000000000
BCL_N	1	52	0.783005800
Bcl-2	1	102	1.000000000
BCLP	1	193	1.000000000
Bclt	1	150	1.000000000
BHD_3	1	75	1.000000000
BID	1	195	1.000000000
Big_2	1	76	1.000000000
Bile_Hydr_Trans	1	128	1.000000000
Bin3	1	94	1.000000000
Biotin_lipoyl	1	75	1.000000000
BMF	1	183	1.000000000
BNIP3	1	194	1.000000000
BP28CT	1	154	1.000000000
BRAP2	1	110	1.000000000
Bravo_FIGEY	1	88	1.000000000
BRE1	1	100	1.000000000
BRI3BP	1	195	1.000000000
Bromo_TP	1	80	1.000000000
BSP_II	1	298	0.960255400
BTK	1	32	0.194767000
Btz	1	108	1.000000000
CAF-1_p60_C	1	178	1.000000000
CAF1C_H4-bd	1	72	1.000000000
Calc_CGRP_IAPP	1	154	1.000000000
Calcipressin	1	117	1.000000000
Calpain_inhib	1	128	1.000000000
Calponin	1	26	0.075214780
CaMBD	1	80	1.000000000
CaM-KIIN	1	78	1.000000000
CAP_C	1	157	1.000000000
CARM1	1	114	1.000000000
Casein	1	84	1.000000000
CASP_C	1	227	0.998654700
CathepsinC_exc	1	91	1.000000000
CATSPERB	1	538	0.584830900
Caveolin	1	148	1.000000000
CBFD_NFYB_HMF	1	64	0.995880700
Cbl_N	1	137	1.000000000
Cbl_N3	1	86	1.000000000
CBM_20	1	92	1.000000000
CCDC14	1	31	0.171383200
CCDC155	1	193	1.000000000
CCER1	1	216	1.000000000
CDC27	1	448	0.686499900
CDC37_N	1	80	1.000000000
CDC48_N	1	84	1.000000000
CDC50	1	291	0.978328800
Cdc6_C	1	81	1.000000000
CDI	1	51	0.753171400
CENP_C_N	1	286	0.984356000
CENP-B_N	1	51	0.753171400
CENP-F_leu_zip	1	143	1.000000000
CENP-M	1	174	1.000000000
CENP-Q	1	151	1.000000000
Cep57_MT_bd	1	76	1.000000000
CGI-121	1	153	1.000000000
CHCH	1	34	0.244986800
CHDNT	1	55	0.867572600
Chibby	1	61	0.963271200
CI-B14_5a	1	101	1.000000000
Clathrin_bdg	1	81	1.000000000
CLN3	1	248	0.992982900
CLN6	1	283	0.984973200
Clp1	1	240	0.995055600
ClpS	1	82	1.000000000
Cmc1	1	69	1.000000000
Cnd1_N	1	169	1.000000000
CNTF	1	199	1.000000000
CO_deh_flav_C	1	105	1.000000000
Coa1	1	117	1.000000000
CoaE	1	177	1.000000000
Coatomer_E	1	291	0.978328800
cobW	1	136	1.000000000
COG4	1	311	0.928324300
COG7	1	766	0.434606500
Cohesin_load	1	548	0.575108500
COMP	1	40	0.415212600
Complex1_51K	1	173	1.000000000
Complex1_LYR	1	60	0.951861400
Complex1_LYR_2	1	102	1.000000000
Connexin50	1	67	1.000000000
Consortin_C	1	114	1.000000000
Coprogen_oxidas	1	304	0.945263500
Cor1	1	105	1.000000000
CortBP2	1	189	1.000000000
Cortexin	1	82	1.000000000
COX15-CtaA	1	66	1.000000000
COX16	1	56	0.894239400
COX4	1	143	1.000000000
COX7a	1	57	0.915848000
COX8	1	44	0.539996600
CPSF_A	1	322	0.902830200
CPSF100_C	1	172	1.000000000
CPSF73-100_C	1	207	1.000000000
CSF-1	1	139	1.000000000
CT47	1	290	0.980963900
CTD_bind	1	64	0.995880700
CTP_synth_N	1	282	0.985181200
Ctr	1	133	1.000000000
Cullin_binding	1	120	1.000000000
Cullin_Nedd8	1	68	1.000000000
Cu-oxidase	1	138	1.000000000
Cu-oxidase_4	1	235	0.996404500
Cupin_4	1	314	0.921238700
CXCR4_N	1	33	0.217079200
CYTL1	1	132	1.000000000
Cytochrom_C	1	100	1.000000000
DAG1	1	290	0.980963900
DALR_1	1	127	1.000000000
DBB	1	131	1.000000000
DBC1	1	132	1.000000000
DBP10CT	1	62	0.974403800
DDDD	1	80	1.000000000
DDOST_48kD	1	410	0.739171900
DDT	1	66	1.000000000
Defensin_beta_2	1	30	0.147747400
Defensin_propep	1	52	0.783005800
DER1	1	191	1.000000000
DERM	1	157	1.000000000
Dermcidin	1	91	1.000000000
Det1	1	406	0.745142700
Dexa_ind	1	95	1.000000000
DFF40	1	226	0.998944300
DHHA2	1	176	1.000000000
DHO_dh	1	299	0.957725400
Dicer_dimer	1	93	1.000000000
DIM1	1	103	1.000000000
DIRP	1	106	1.000000000
Dispanin	1	82	1.000000000
DM	1	47	0.633964000
DMA	1	39	0.386914300
DNA_pol_delta_4	1	74	1.000000000
DNA_primase_S	1	229	0.998081100
DnaJ_CXXCXGXG	1	67	1.000000000
DNMT1-RFD	1	136	1.000000000
Dopey_N	1	296	0.965353800
DPCD	1	194	1.000000000
DPM3	1	92	1.000000000
Dppa2_A	1	86	1.000000000
Dpy-30	1	42	0.478894800
Draxin	1	316	0.916570900
Drc1-Sld2	1	118	1.000000000
dsDNA_bind	1	105	1.000000000
DTHCT	1	89	1.000000000
DUF1032	1	555	0.568459900
DUF1081	1	115	1.000000000
DUF1087	1	65	1.000000000
DUF1126	1	33	0.217079200
DUF1168	1	143	1.000000000
DUF1170	1	217	1.000000000
DUF1253	1	439	0.698354300
DUF1301	1	135	1.000000000
DUF1387	1	310	0.930709000
DUF1448	1	311	0.928324300
DUF1466	1	234	0.996679400
DUF1518	1	58	0.928162600
DUF1619	1	274	0.986885400
DUF1620	1	207	1.000000000
DUF1625	1	109	1.000000000
DUF1640	1	195	1.000000000
DUF1649	1	167	1.000000000
DUF1674	1	69	1.000000000
DUF1744	1	401	0.752731300
DUF1762	1	67	1.000000000
DUF1771	1	66	1.000000000
DUF1777	1	155	1.000000000
DUF1866	1	146	1.000000000
DUF1981	1	86	1.000000000
DUF2003	1	445	0.690411300
DUF2028	1	124	1.000000000
DUF2045	1	239	0.995322000
DUF2048	1	442	0.694362600
DUF2075	1	157	1.000000000
DUF21	1	175	1.000000000
DUF2151	1	693	0.473857400
DUF2233	1	196	1.000000000
DUF2356	1	230	0.997797100
DUF2368	1	135	1.000000000
DUF2370	1	160	1.000000000
DUF2452	1	160	1.000000000
DUF2475	1	59	0.940162700
DUF2668	1	154	1.000000000
DUF3250	1	108	1.000000000
DUF3259	1	74	1.000000000
DUF3337	1	312	0.925951100
DUF3342	1	303	0.947731200
DUF3377	1	74	1.000000000
DUF3385	1	171	1.000000000
DUF3399	1	103	1.000000000
DUF3401	1	246	0.993491600
DUF3453	1	238	0.995590100
DUF3480	1	354	0.835546600
DUF3481	1	85	1.000000000
DUF3504	1	165	1.000000000
DUF3522	1	93	1.000000000
DUF3538	1	117	1.000000000
DUF3695	1	103	1.000000000
DUF382	1	129	1.000000000
DUF4042	1	182	1.000000000
DUF410	1	250	0.992480300
DUF4171	1	124	1.000000000
DUF4206	1	205	1.000000000
DUF4217	1	64	0.995880700
DUF423	1	82	1.000000000
DUF4392	1	97	1.000000000
DUF4430	1	75	1.000000000
DUF4470	1	108	1.000000000
DUF4476	1	121	1.000000000
DUF4481	1	292	0.975707000
DUF4498	1	247	0.993236500
DUF4503	1	389	0.771683000
DUF4507	1	382	0.783750000
DUF4511	1	105	1.000000000
DUF4512	1	74	1.000000000
DUF4517	1	75	1.000000000
DUF4521	1	205	1.000000000
DUF4524	1	148	1.000000000
DUF4526	1	235	0.996404500
DUF4531	1	184	1.000000000
DUF4532	1	279	0.985811700
DUF4539	1	86	1.000000000
DUF4540	1	130	1.000000000
DUF4541	1	91	1.000000000
DUF4545	1	279	0.985811700
DUF4547	1	196	1.000000000
DUF4564	1	32	0.194767000
DUF4572	1	195	1.000000000
DUF4578	1	44	0.539996600
DUF4580	1	168	1.000000000
DUF4581	1	128	1.000000000
DUF4582	1	125	1.000000000
DUF4587	1	41	0.446680000
DUF4589	1	252	0.991983700
DUF4591	1	123	1.000000000
DUF4597	1	56	0.894239400
DUF4602	1	139	1.000000000
DUF4605	1	60	0.951861400
DUF4631	1	431	0.709201600
DUF4632	1	71	1.000000000
DUF4643	1	272	0.987323200
DUF4648	1	165	1.000000000
DUF4653	1	229	0.998081100
DUF4659	1	376	0.794360400
DUF4661	1	250	0.992480300
DUF544	1	126	1.000000000
DUF706	1	85	1.000000000
DUF716	1	125	1.000000000
DUF719	1	177	1.000000000
DUF791	1	302	0.950211100
DUF866	1	160	1.000000000
DUF914	1	146	1.000000000
DUF947	1	166	1.000000000
DUF953	1	115	1.000000000
DuoxA	1	282	0.985181200
DUSP	1	87	1.000000000
Dynein_IC2	1	33	0.217079200
Eapp_C	1	146	1.000000000
EB1	1	40	0.415212600
ECIST_Cterm	1	126	1.000000000
ECSIT	1	229	0.998081100
EF_assoc_2	1	89	1.000000000
EFG_C	1	90	1.000000000
EFG_IV	1	122	1.000000000
efThoc1	1	487	0.638986800
EGF_3	1	33	0.217079200
EIF4E-T	1	441	0.695688600
eIF-6	1	42	0.478894800
Elf-1_N	1	107	1.000000000
ELFV_dehydrog	1	214	1.000000000
Endomucin	1	261	0.989820200
Enolase_N	1	133	1.000000000
EPL1	1	148	1.000000000
eRF1_2	1	133	1.000000000
Es2	1	369	0.807064900
ESSS	1	118	1.000000000
Esterase	1	253	0.991737700
ETC_C1_NDUFA4	1	100	1.000000000
ETF_alpha	1	86	1.000000000
EURL	1	291	0.978328800
EVC2_like	1	425	0.717537500
Exo70	1	371	0.803398300
F_actin_cap_B	1	225	0.999235900
FA	1	47	0.633964000
FA_FANCE	1	231	0.997515000
FA_hydroxylase	1	110	1.000000000
FAD_binding_6	1	108	1.000000000
FAM163	1	167	1.000000000
FAM177	1	123	1.000000000
FAM24	1	73	1.000000000
FAM60A	1	199	1.000000000
FAM72	1	149	1.000000000
FAM86	1	89	1.000000000
FAM91_C	1	414	0.733287900
FAM92	1	215	1.000000000
FANCAA	1	434	0.705098800
FANCI_HD2	1	235	0.996404500
FANCI_S3	1	178	1.000000000
Fanconi_C	1	119	1.000000000
Fapy_DNA_glyco	1	123	1.000000000
FAST_1	1	69	1.000000000
FDF	1	111	1.000000000
Fer2	1	71	1.000000000
FerA	1	66	1.000000000
FerB	1	76	1.000000000
Ferritin	1	88	1.000000000
FEZ	1	67	1.000000000
FIBP	1	363	0.818245600
Filament_head	1	96	1.000000000
FimP	1	358	0.827776700
Fip1	1	45	0.569603100
FISNA	1	72	1.000000000
FNIP_N	1	82	1.000000000
FPL	1	149	1.000000000
FragX_IP	1	865	0.392787000
FSIP1	1	394	0.763597200
FUN14	1	103	1.000000000
FWWh	1	159	1.000000000
G8	1	121	1.000000000
Gal_mutarotas_2	1	67	1.000000000
Galanin	1	16	0.001300402
GAPT	1	157	1.000000000
GARS_A	1	194	1.000000000
GAS	1	201	1.000000000
GATA-N	1	177	1.000000000
GatB_N	1	291	0.978328800
Gb3_synth	1	132	1.000000000
GCM	1	141	1.000000000
GCOM2	1	321	0.905093500
GCV_H	1	103	1.000000000
GDC-P	1	164	1.000000000
Geminin	1	190	1.000000000
GFO_IDH_MocA_C	1	79	1.000000000
GFRP	1	83	1.000000000
GIDA_assoc_3	1	74	1.000000000
GIT_SHD	1	31	0.171383200
Gln-synt_N	1	92	1.000000000
Glutaminase	1	287	0.984152400
Gly_transf_sug	1	125	1.000000000
Glyco_hydro_2_N	1	169	1.000000000
Glyco_hydro_59	1	430	0.710578800
Glyco_trans_4_4	1	166	1.000000000
Glyco_transf_17	1	352	0.839481100
Glyco_transf_21	1	173	1.000000000
Glyco_transf_7N	1	92	1.000000000
Glycos_transf_4	1	173	1.000000000
GM_CSF	1	122	1.000000000
GMC_oxred_N	1	299	0.957725400
GNAT_acetyltr_2	1	226	0.998944300
GOLD_2	1	140	1.000000000
Gp_dh_C	1	158	1.000000000
G-patch	1	45	0.569603100
G-patch_2	1	75	1.000000000
GRIM-19	1	51	0.753171400
GSAP-16	1	115	1.000000000
GTP_cyclohydroI	1	151	1.000000000
GTP_EFTU_D4	1	84	1.000000000
GTPase_binding	1	42	0.478894800
GUCT	1	96	1.000000000
H2TH	1	88	1.000000000
HA2	1	94	1.000000000
HAD_2	1	187	1.000000000
HAND	1	99	1.000000000
HAUS2	1	213	1.000000000
HAUS-augmin3	1	256	0.991008100
HCNGP	1	98	1.000000000
HD_4	1	155	1.000000000
HECT_2	1	373	0.799761300
Helicase_C_4	1	277	0.986237700
HELP	1	73	1.000000000
Hepsin-SRCR	1	65	1.000000000
HEXIM	1	127	1.000000000
HIF-1	1	34	0.244986800
Hint	1	262	0.989586800
HIT	1	98	1.000000000
HJURP_C	1	63	0.985270100
HMG_box_2	1	70	1.000000000
HMG_CoA_synt_C	1	283	0.984973200
HMG_CoA_synt_N	1	174	1.000000000
HNF_C	1	74	1.000000000
HNF-1A_C	1	89	1.000000000
Hormone_2	1	28	0.108728400
Hormone_4	1	9	0.000000003
Hormone_5	1	78	1.000000000
Hormone_6	1	94	1.000000000
HoxA13_N	1	115	1.000000000
HPD	1	158	1.000000000
HRDC	1	68	1.000000000
HSD3	1	361	0.822034300
HTH_44	1	138	1.000000000
HTH_Tnp_1	1	53	0.811991800
Humanin	1	24	0.047750210
ICAM_N	1	61	0.963271200
IF3_C	1	87	1.000000000
IFNGR1	1	164	1.000000000
IFRD	1	310	0.930709000
IIGP	1	383	0.782006100
IKI3	1	954	0.392787000
IL11	1	199	1.000000000
IL13	1	43	0.509978800
Img2	1	86	1.000000000
ING	1	103	1.000000000
Inhibitor_I29	1	60	0.951861400
Inhibitor_I9	1	76	1.000000000
Inos-1-P_synth	1	114	1.000000000
Integrin_alpha	1	15	0.000547664
Integrin_b_cyt	1	47	0.633964000
INTS2	1	1108	0.392787000
INTS5_N	1	226	0.998944300
IRK_N	1	45	0.569603100
Isochorismatase	1	49	0.694341700
IspD	1	233	0.996956200
Ist1	1	166	1.000000000
Isy1	1	267	0.988439100
ITAM	1	21	0.019253960
Jiraiya	1	92	1.000000000
Jnk-SapK_ap_N	1	158	1.000000000
Joubert	1	356	0.831645400
JTB	1	69	1.000000000
K_channel_TID	1	75	1.000000000
K1377	1	977	0.392787000
KBP_C	1	114	1.000000000
Kelch_2	1	52	0.783005800
Kelch_5	1	36	0.297972500
Kin17_mid	1	127	1.000000000
Kinocilin	1	124	1.000000000
KIX	1	81	1.000000000
KOW	1	35	0.272047700
Kri1	1	111	1.000000000
KTI12	1	201	1.000000000
Ku_N	1	220	1.000000000
Kunitz_BPTI	1	39	0.386914300
Kv2channel	1	290	0.980963900
L27_2	1	58	0.928162600
LANC_like	1	349	0.845446300
LAP2alpha	1	234	0.996679400
Laps	1	124	1.000000000
Las1	1	147	1.000000000
LBR_tudor	1	55	0.867572600
Lectin_leg-like	1	226	0.998944300
LEDGF	1	107	1.000000000
LELP1	1	96	1.000000000
LEP503	1	61	0.963271200
LETM1	1	269	0.987989000
LIN37	1	177	1.000000000
Lipase_3	1	136	1.000000000
Lipase_GDSL_2	1	161	1.000000000
Lipid_DES	1	25	0.060176700
LLC1	1	120	1.000000000
LLGL	1	105	1.000000000
LMF1	1	383	0.782006100
LNS2	1	157	1.000000000
LOH1CR12	1	126	1.000000000
LRRC37AB_C	1	151	1.000000000
LSR	1	49	0.694341700
LURAP	1	125	1.000000000
M60-like	1	300	0.955208100
MAD	1	561	0.563410500
Maelstrom	1	201	1.000000000
Mak16	1	100	1.000000000
MAM33	1	194	1.000000000
MaoC_dehydrat_N	1	131	1.000000000
MAP7	1	191	1.000000000
MAS20	1	121	1.000000000
Matrilin_ccoil	1	47	0.633964000
MBD_C	1	94	1.000000000
MCM_bind	1	130	1.000000000
MDFI	1	173	1.000000000
Med12-PQL	1	218	1.000000000
Med17	1	455	0.677523900
Med21	1	128	1.000000000
Med25	1	110	1.000000000
Med29	1	144	1.000000000
MEF2_binding	1	35	0.272047700
Meiosis_expr	1	77	1.000000000
Met_synt_B12	1	284	0.984766400
Methyltransf_10	1	291	0.978328800
Methyltransf_15	1	155	1.000000000
Methyltransf_1N	1	85	1.000000000
Methyltransf_22	1	231	0.997515000
Methyltransf_26	1	130	1.000000000
Methyltransf_28	1	255	0.991249800
Methyltransf_4	1	224	0.999529400
MHC_II_alpha	1	81	1.000000000
Microcephalin	1	384	0.780268600
MIF	1	114	1.000000000
M-inducer_phosp	1	272	0.987323200
MIT	1	70	1.000000000
mit_SMPDase	1	457	0.674997400
MitMem_reg	1	117	1.000000000
MmgE_PrpD	1	451	0.682627500
Mmp37	1	316	0.916570900
MMS22L_C	1	378	0.790795700
Mob_synth_C	1	128	1.000000000
MobB	1	116	1.000000000
MoeA_N	1	167	1.000000000
Molybdopterin	1	329	0.887276500
MOR2-PAG1_mid	1	188	1.000000000
MOZART1	1	48	0.664624800
MPLKIP	1	170	1.000000000
mRNA_cap_enzyme	1	189	1.000000000
MRP-S27	1	413	0.734750900
MSC	1	249	0.992730800
MT-A70	1	178	1.000000000
MTBP_C	1	259	0.990291200
MTBP_N	1	276	0.986452400
MtN3_slv	1	87	1.000000000
Mur_ligase_M	1	178	1.000000000
Muskelin_N	1	115	1.000000000
MutL_C	1	148	1.000000000
MutS_I	1	114	1.000000000
Myb_Cef	1	257	0.990767800
Myc_target_1	1	187	1.000000000
Myelin_MBP	1	115	1.000000000
Myosin_N	1	43	0.509978800
Myosin_TH1	1	204	1.000000000
N2227	1	266	0.988666000
N6-adenineMlase	1	179	1.000000000
NAD_binding_2	1	163	1.000000000
NAD_binding_8	1	64	0.995880700
NADH_B2	1	41	0.446680000
NAGLU_C	1	262	0.989586800
NB-ARC	1	286	0.984356000
NCD2	1	168	1.000000000
NDUF_B5	1	189	1.000000000
NDUF_B7	1	66	1.000000000
NDUF_C2	1	57	0.915848000
NESP55	1	245	0.993748300
Neugrin	1	41	0.446680000
Neuromodulin	1	172	1.000000000
NHL	1	28	0.108728400
NHS	1	641	0.505817700
Nicastrin	1	226	0.998944300
NICE-3	1	189	1.000000000
NifU	1	69	1.000000000
NifU_N	1	113	1.000000000
Njmu-R1	1	84	1.000000000
NMT	1	160	1.000000000
Nnf1	1	76	1.000000000
NODP	1	61	0.963271200
NOG1	1	58	0.928162600
Noggin	1	226	0.998944300
Nop10p	1	51	0.753171400
Nop25	1	142	1.000000000
NOPS	1	29	0.128742800
NOSIC	1	53	0.811991800
NOT2_3_5	1	131	1.000000000
NPBW	1	124	1.000000000
NPP	1	45	0.569603100
NPR2	1	379	0.789023700
NuA4	1	82	1.000000000
Nuc_recep-AF1	1	112	1.000000000
NUC194	1	398	0.757352900
Nucleopor_Nup85	1	558	0.565808400
Nucleos_tra2_C	1	226	0.998944300
Nucleos_tra2_N	1	75	1.000000000
NUDE_C	1	200	1.000000000
NumbF	1	83	1.000000000
Nup35_RRM	1	86	1.000000000
Nup54	1	142	1.000000000
Nup84_Nup100	1	704	0.467554400
NYAP_C	1	311	0.928324300
NYD-SP28	1	104	1.000000000
ODR4-like	1	55	0.867572600
Orai-1	1	238	0.995590100
ORC4_C	1	192	1.000000000
Osteopontin	1	281	0.985390200
OTCace_N	1	143	1.000000000
Oxidored_q6	1	105	1.000000000
P33MONOX	1	292	0.975707000
PA14	1	149	1.000000000
PA28_alpha	1	64	0.995880700
PaaSYMP	1	154	1.000000000
PAD_N	1	113	1.000000000
PAG	1	432	0.707829400
Palm_thioest	1	279	0.985811700
PAM2	1	18	0.004997968
PAN_4	1	51	0.753171400
PAP_assoc	1	61	0.963271200
PAPS_reduct	1	83	1.000000000
Parathyroid	1	87	1.000000000
PAS_3	1	88	1.000000000
Pax2_C	1	115	1.000000000
Paxillin	1	120	1.000000000
PAXNEB	1	398	0.757352900
PBP_sp32	1	240	0.995055600
PCIF1_WW	1	176	1.000000000
PCMT	1	214	1.000000000
PD-C2-AF1	1	256	0.991008100
PDDEXK_1	1	195	1.000000000
PDE6_gamma	1	83	1.000000000
PDZ_2	1	93	1.000000000
PEHE	1	121	1.000000000
Pentapeptide_4	1	75	1.000000000
Peptidase_C15	1	179	1.000000000
Peptidase_C50	1	354	0.835546600
Peptidase_C78	1	217	1.000000000
Peptidase_C98	1	274	0.986885400
Peptidase_M18	1	439	0.698354300
Peptidase_M23	1	98	1.000000000
Peptidase_M50	1	358	0.827776700
Peptidase_M76	1	173	1.000000000
Per1	1	97	1.000000000
Pex24p	1	113	1.000000000
PGC7_Stella	1	155	1.000000000
PGM_PMM_I	1	150	1.000000000
PGM_PMM_II	1	111	1.000000000
PH_8	1	90	1.000000000
PHD_2	1	35	0.272047700
Phospholip_B	1	185	1.000000000
PHR	1	147	1.000000000
PIG-F	1	195	1.000000000
PIG-L	1	125	1.000000000
PIG-S	1	530	0.592806000
PIG-U	1	385	0.778538200
PIG-X	1	159	1.000000000
PIH1	1	260	0.990055100
PIP49_C	1	200	1.000000000
PITH	1	147	1.000000000
PKI	1	74	1.000000000
pKID	1	41	0.446680000
PKK	1	140	1.000000000
PLAC8	1	81	1.000000000
PMSI1	1	314	0.921238700
PMT	1	172	1.000000000
PolyA_pol	1	124	1.000000000
Polyketide_cyc	1	121	1.000000000
Polysacc_synt_4	1	126	1.000000000
POP1	1	152	1.000000000
POT1	1	131	1.000000000
PP1_inhibitor	1	116	1.000000000
PPDFL	1	111	1.000000000
PPI_Ypi1	1	31	0.171383200
PPP1R35_C	1	146	1.000000000
PPR	1	29	0.128742800
PPR_2	1	61	0.963271200
PPTA	1	31	0.171383200
Prefoldin_2	1	79	1.000000000
Presenilin	1	248	0.992982900
PRK	1	196	1.000000000
PRKCSH_1	1	151	1.000000000
Proho_convert	1	41	0.446680000
Prokineticin	1	79	1.000000000
Pro-MCH	1	86	1.000000000
Propep_M14	1	76	1.000000000
Pro-rich_19	1	211	1.000000000
Proteasom_Rpn13	1	84	1.000000000
Prothymosin	1	109	1.000000000
PRP38	1	172	1.000000000
PRT_C	1	132	1.000000000
PS_Dcarbxylase	1	244	0.994006500
PseudoU_synth_2	1	173	1.000000000
PSP	1	49	0.694341700
PSP94	1	82	1.000000000
PSS	1	283	0.984973200
Pterin_bind	1	213	1.000000000
PTPA	1	299	0.957725400
PTPlike_phytase	1	170	1.000000000
PTPS	1	133	1.000000000
PUL	1	259	0.990291200
PYC_OADA	1	182	1.000000000
Pyr_redox_dim	1	114	1.000000000
Pyrid_oxidase_2	1	167	1.000000000
Pyrophosphatase	1	71	1.000000000
QLQ	1	37	0.326912200
Rab15_effector	1	236	0.996131300
Rabaptin	1	105	1.000000000
Rad1	1	242	0.994527800
Rad21_Rec8_N	1	111	1.000000000
Rad4	1	132	1.000000000
Rad54_N	1	106	1.000000000
Rad60-SLD	1	60	0.951861400
RAG1	1	419	0.726051700
RAG2	1	339	0.865898600
RAP	1	60	0.951861400
Raptor_N	1	42	0.478894800
RasGAP_C	1	136	1.000000000
RBB1NT	1	99	1.000000000
RBD	1	73	1.000000000
RBD-FIP	1	48	0.664624800
RBFA	1	106	1.000000000
RBM39linker	1	73	1.000000000
RBP_receptor	1	619	0.520536700
Rcd1	1	124	1.000000000
RCSD	1	104	1.000000000
RD3	1	131	1.000000000
Rdx	1	76	1.000000000
Redoxin	1	90	1.000000000
Rep_fac-A_C	1	69	1.000000000
Reprolysin_2	1	208	1.000000000
Reprolysin_5	1	231	0.997515000
Resistin	1	89	1.000000000
Rft-1	1	106	1.000000000
RFX1_trans_act	1	140	1.000000000
RFX5_DNA_bdg	1	219	1.000000000
RFXA_RFXANK_bdg	1	130	1.000000000
RGM_C	1	167	1.000000000
Rgp1	1	144	1.000000000
RHIM	1	49	0.694341700
RHINO	1	222	1.000000000
Rib_5-P_isom_A	1	178	1.000000000
RIB43A	1	379	0.789023700
Ribonuc_L-PSP	1	119	1.000000000
Ribonuc_P_40	1	274	0.986885400
Ribosomal_L11	1	73	1.000000000
Ribosomal_L14	1	115	1.000000000
Ribosomal_L15e	1	192	1.000000000
Ribosomal_L18ae	1	124	1.000000000
Ribosomal_L18e	1	135	1.000000000
Ribosomal_L18p	1	108	1.000000000
Ribosomal_L22e	1	49	0.694341700
Ribosomal_L23	1	80	1.000000000
Ribosomal_L3	1	299	0.957725400
Ribosomal_L32e	1	110	1.000000000
Ribosomal_L37ae	1	90	1.000000000
Ribosomal_S11	1	119	1.000000000
Ribosomal_S14	1	53	0.811991800
Ribosomal_S15	1	83	1.000000000
Ribosomal_S21e	1	59	0.940162700
Ribosomal_S27	1	47	0.633964000
Ribosomal_S3Ae	1	211	1.000000000
Ribosomal_S5_C	1	74	1.000000000
Ribosomal_S6e	1	127	1.000000000
RIC3	1	152	1.000000000
Ric8	1	475	0.652981200
RICTOR_V	1	73	1.000000000
Rif1_N	1	358	0.827776700
RIH_assoc	1	134	1.000000000
RimK	1	186	1.000000000
RINT1_TIP1	1	482	0.644754400
Ripply	1	89	1.000000000
RNA_pol_I_A49	1	383	0.782006100
RNA_pol_Rpa2_4	1	59	0.940162700
RNA_pol_Rpb1_1	1	349	0.845446300
RNA_pol_Rpb1_3	1	176	1.000000000
RNA_pol_Rpb6	1	52	0.783005800
RNA_pol_Rpb8	1	141	1.000000000
RNA_pol_Rpc34	1	315	0.918899300
RNA_polI_A34	1	321	0.905093500
RNase_H	1	146	1.000000000
RNase_P_Rpp14	1	48	0.664624800
Romo1	1	67	1.000000000
RPA_interact_C	1	83	1.000000000
RPAP3_C	1	94	1.000000000
RPN7	1	104	1.000000000
Rpp20	1	102	1.000000000
RRF	1	164	1.000000000
RRM_4	1	94	1.000000000
Rrp15p	1	126	1.000000000
Rsm22	1	287	0.984152400
RSN1_TM	1	128	1.000000000
RunxI	1	95	1.000000000
S10_plectin	1	99	1.000000000
S100PBPR	1	382	0.783750000
SAC3_GANP	1	227	0.998654700
S-AdoMet_synt_M	1	123	1.000000000
SAE2	1	65	1.000000000
SAF	1	60	0.951861400
SAGA-Tad1	1	193	1.000000000
SAM_decarbox	1	328	0.889468100
SAMP	1	20	0.012664060
SAP	1	35	0.272047700
SAP18	1	122	1.000000000
SBDS_C	1	122	1.000000000
SBP56	1	467	0.662608900
SCF	1	273	0.987103700
SCHIP-1	1	237	0.995859800
SCIMP	1	133	1.000000000
Sec20	1	92	1.000000000
Sec23_helical	1	101	1.000000000
Sec7_N	1	156	1.000000000
Secretogranin_V	1	202	1.000000000
SEFIR	1	154	1.000000000
Sel1	1	31	0.171383200
Selenoprotein_S	1	106	1.000000000
SelP_N	1	229	0.998081100
Sfi1	1	236	0.996131300
SGL	1	249	0.992730800
SHQ1	1	189	1.000000000
SHS2_Rpb7-N	1	70	1.000000000
Sin_N	1	431	0.709201600
Sin3_corepress	1	101	1.000000000
SIP1	1	247	0.993236500
SIS	1	132	1.000000000
SLAM	1	126	1.000000000
SNAP	1	281	0.985390200
SnAPC_2_like	1	334	0.876467600
Snapin_Pallidin	1	90	1.000000000
SNURF	1	71	1.000000000
SOCS	1	55	0.867572600
SOUL	1	178	1.000000000
SOXp	1	130	1.000000000
Spb1_C	1	237	0.995859800
Speriolin_N	1	228	0.998367000
Spexin	1	90	1.000000000
Spindle_Spc25	1	75	1.000000000
SprT-like	1	157	1.000000000
SQS_PSY	1	104	1.000000000
SRP_SPB	1	106	1.000000000
SSXRD	1	34	0.244986800
SSXT	1	66	1.000000000
STAT1_TAZ2bind	1	25	0.060176700
Sterile	1	94	1.000000000
STIL_N	1	405	0.746649000
Sua5_yciO_yrdC	1	181	1.000000000
SUI1	1	85	1.000000000
SURF4	1	266	0.988666000
SURF6	1	217	1.000000000
Swi3	1	84	1.000000000
Swi5	1	81	1.000000000
SynMuv_product	1	105	1.000000000
TAF	1	65	1.000000000
TAF1_subA	1	128	1.000000000
TAF4	1	76	1.000000000
Tap-RNA_bind	1	88	1.000000000
TAT_ubiq	1	40	0.415212600
TBCA	1	90	1.000000000
TBX	1	91	1.000000000
TC1	1	79	1.000000000
Tctex-1	1	101	1.000000000
TEP1_N	1	30	0.147747400
TF_Otx	1	103	1.000000000
TF_Zn_Ribbon	1	50	0.723162400
Tfb4	1	245	0.993748300
TFCD_C	1	193	1.000000000
TFIID_20kDa	1	68	1.000000000
TFIIF_alpha	1	516	0.607206200
TFIIIC_delta	1	86	1.000000000
TGF_beta_GS	1	29	0.128742800
THAP	1	84	1.000000000
Thioesterase	1	260	0.990055100
Thioredoxin_8	1	95	1.000000000
THOC7	1	134	1.000000000
Thr_synth_N	1	89	1.000000000
Thrombin_light	1	49	0.694341700
Thymosin	1	41	0.446680000
TILa	1	55	0.867572600
TIMP	1	126	1.000000000
TLV_coat	1	302	0.950211100
TM2	1	50	0.723162400
TMCO5	1	217	1.000000000
TMEM107	1	26	0.075214780
TMEM117	1	415	0.731830300
TMEM138	1	121	1.000000000
TMEM154	1	142	1.000000000
TMEM156	1	226	0.998944300
TMEM18	1	123	1.000000000
TMEM237	1	250	0.992480300
TMEM247	1	219	1.000000000
TMEM37	1	182	1.000000000
TMEM61	1	198	1.000000000
TMEM89	1	134	1.000000000
Tmemb_18A	1	124	1.000000000
Tmemb_40	1	280	0.985600400
Tmemb_55A	1	250	0.992480300
Tom37	1	63	0.985270100
Topoisom_I_N	1	215	1.000000000
TORC_M	1	161	1.000000000
TP_methylase	1	241	0.994790900
TP6A_N	1	68	1.000000000
TPD	1	140	1.000000000
TPP_enzyme_M	1	134	1.000000000
TPR_16	1	63	0.985270100
TPR_19	1	68	1.000000000
TPR_MLP1_2	1	132	1.000000000
Transthyretin	1	112	1.000000000
Trehalase	1	506	0.617856000
TRF	1	198	1.000000000
TRH	1	207	1.000000000
tRNA_synt_1c_R1	1	163	1.000000000
Trp_dioxygenase	1	347	0.849465900
Tsg	1	140	1.000000000
U6-snRNA_bdg	1	160	1.000000000
UAE_UbL	1	68	1.000000000
UBA_e1_thiolCys	1	47	0.633964000
Ubie_methyltran	1	270	0.987765800
UBN_AB	1	217	1.000000000
U-box	1	73	1.000000000
UCR_14kD	1	104	1.000000000
uDENN	1	71	1.000000000
UDP-g_GGTase	1	207	1.000000000
UDPG_MGDP_dh_N	1	191	1.000000000
UFC1	1	161	1.000000000
Ufm1	1	61	0.963271200
UIM	1	18	0.004997968
UPF0004	1	104	1.000000000
UPF0121	1	247	0.993236500
UPF0220	1	158	1.000000000
UPF0239	1	85	1.000000000
UPF0444	1	92	1.000000000
UPF0449	1	62	0.974403800
UPF0489	1	239	0.995322000
UPF0552	1	224	0.999529400
URO-D	1	347	0.849465900
USP8_dimer	1	109	1.000000000
USP8_interact	1	179	1.000000000
UvrD_C	1	87	1.000000000
V1R	1	265	0.988894200
V-ATPase_H_N	1	308	0.935513300
vATP-synt_E	1	199	1.000000000
Vault	1	45	0.569603100
VEFS-Box	1	138	1.000000000
VGLL4	1	220	1.000000000
VKG_Carbox	1	440	0.697019200
VKOR	1	146	1.000000000
VMA21	1	66	1.000000000
Voldacs	1	131	1.000000000
VOMI	1	166	1.000000000
Vps26	1	281	0.985390200
Vps4_C	1	47	0.633964000
WAC_Acf1_DNA_bd	1	101	1.000000000
WASH-7_mid	1	350	0.843449300
WASH-7_N	1	573	0.554008500
WBS_methylT	1	77	1.000000000
WHEP-TRS	1	55	0.867572600
WHIM1	1	51	0.753171400
WHIM2	1	38	0.357505600
Xin	1	16	0.001300402
XPG_I_2	1	278	0.986024100
XRN_N	1	228	0.998367000
YqgF	1	157	1.000000000
YTH	1	142	1.000000000
zf-A20	1	26	0.075214780
zf-C2H2_7	1	54	0.840168300
zf-C2HC5	1	53	0.811991800
zf-C3Hc3H	1	65	1.000000000
zf-C4pol	1	69	1.000000000
zf-CCHC	1	18	0.004997968
zf-CCHC_3	1	44	0.539996600
zf-CHY	1	75	1.000000000
zf-Di19	1	61	0.963271200
zf-NF-X1	1	20	0.012664060
zf-Nse	1	38	0.357505600
zf-PARP	1	79	1.000000000
zf-SAP30	1	79	1.000000000
zf-Sec23_Sec24	1	42	0.478894800
zf-Tim10_DDP	1	65	1.000000000
zf-TRM13_CCCH	1	31	0.171383200
zf-UBR	1	57	0.915848000
